2291
2290
2289
2288
2287
2286
2285
2284
2283
2282
2414
2281
2280
2279
2278
2277
2276
2275
2274
2273
2272
2413
2271
2270
2269
2268
2267
2266
2265
2264
2263
2262
2261
2260
2259
2258
2407
2406
2405
2404
2403
2402
2401
2400
2399
2398
2397
2396
2395
2394
2449
2457
2469
2497
2537
2644
2645
2646
2671
2670
2669
2668
2667
2666
2665
2664
2663
2662
2661
2660
2817
2816
2815
2814
2813
2812
2811
2810
2809
2808
2807
2801
2795
2790
2780
2770
2757
2750
2743
2854
2850
2846
2693
2682
2874
2944
2955
2973
2920
2924
2960
2961
2956
3021
3026
2935
2909
2892
2864
2636
2659
2642
2643
2533
2494
2466
2446
2387
2388
2389
2390
2391
2392
2393
2455
2467
2495
2535
2543
2496
2468
2456
2536
2447
2138
2102
2065
2064
2037
2101
2017
1972
1971
1970
1969
1968
1967
1966
1965
1964
1963
1962
1961
1960
1959
1956
1944
1933
1924
1916
2003
2007
2009
2014
2015
2061
2098
2099
2062
2060
2035
2095
2093
2058
2056
2033
2091
2088
2055
2127
2180
2125
2124
2123
2082
2051
2076
1991
1996
1998
2000
1869
1862
1834
1829
2019
2112
2135
2144
2145
2292
2301
2318
2422
2428
2335
2484
2520
2511
2476
2552
2557
2502
2544
2534
2448
2412
2545
2411
2257
2255
2253
2068
2038
1725
1704
1724
1662
1633
1610
1428
1325
1326
1388
1317
1284
1180
1140
1006
1014
1038
1048
1070
1101
1125
1126
1127
1128
1129
1130
1142
1131
1132
1133
1134
1135
1136
1137
1138
1139
1141
999
975
974
998
973
972
971
997
970
969
996
968
967
966
995
965
964
994
963
926
989
875
838
693
674
608
563
561
596
557
594
582
634
804
803
889
921
922
930
856
927
1000
1001
1002
1003
1253
1265
1226
1318
1319
1273
1232
1237
1281
1320
1321
1283
1238
1381
1382
1383
1417
1384
1385
1418
1386
1387
1322
1285
1239
1240
1286
1323
1324
1287
1241
1242
1243
1207
1143
1004
978
929
931
979
932
848
849
821
923
924
850
822
640
639
638
637
636
635
633
632
758
631
630
756
755
754
753
752
751
750
762
749
748
747
746
745
744
743
742
741
761
740
739
738
737
736
735
734
733
732
760
730
729
576
568
567
624
577
578
625
579
580
581
626
583
584
627
585
586
587
628
588
589
629
590
591
548
592
549
550
593
551
552
516
476
477
448
391
290
289
288
287
286
285
284
386
283
282
385
384
383
382
381
380
379
390
378
377
376
375
374
373
372
371
370
389
369
367
366
365
364
363
362
361
360
388
357
356
346
344
326
321
317
311
310
387
303
300
292
368
230
221
214
165
164
69
75
149
86
89
15
101
104
106
31
122
125
41
44
58
59
139
140
60
141
142
143
150
61
62
144
145
146
147
63
64
66
0
1
67
68
148
70
71
2
72
73
74
76
3
4
5
6
7
8
78
77
151
79
9
10
11
80
81
82
12
83
84
85
87
88
13
153
152
169
187
211
215
237
236
222
186
168
185
235
234
233
274
232
231
273
229
210
167
281
272
271
280
279
270
278
201
264
263
276
251
242
275
65
757
1507
1515
1538
1547
1550
1551
1552
1553
1554
1555
1556
1557
1558
1559
1560
1561
1562
1563
1564
1609
1608
1607
1606
1605
1604
1603
1602
1601
1600
1629
1650
1687
1686
1688
1651
1652
1689
1690
1653
1630
1654
1691
1692
1655
1656
1693
1694
1657
1658
1631
1695
1723
1722
1721
1720
1719
1718
1792
1791
1776
1772
1892
2128
2133
2137
2226
2227
2228
2229
2230
2100
2063
2036
2016
1973
1974
1975
2018
2066
2103
2104
2067
2134
2139
2105
2113
2106
2136
2021
2020
1976
1977
1978
1979
1823
1824
1825
1826
1827
1828
1830
1982
2023
2039
2069
2107
2114
2142
2143
2234
2233
2141
2140
2232
2231
2453
2471
2500
2540
2649
2648
2647
2571
2570
2539
2499
2498
2470
2538
2450
2451
2452
2572
2573
2574
2575
2576
2577
2578
2579
2580
2581
2546
2501
2503
2582
2583
2584
2585
2586
2650
2651
2547
2587
2588
2589
2590
2591
2592
2593
2594
2595
2596
2505
2473
2459
2415
2294
2295
2293
2241
2240
2239
2238
2237
2151
2150
2109
2075
2045
2028
1987
1845
1844
1843
1842
1841
1840
1839
1838
1837
1836
1835
1833
1832
1983
1984
2025
2042
2072
2071
2041
2024
2108
2115
2236
2235
2146
2147
2148
2149
2073
2043
2026
2027
2044
2074
1985
1986
1798
1797
1739
1740
1741
1742
1743
1744
1745
1746
1747
1748
1749
1750
1751
1752
1753
1754
1755
1756
1799
1706
1757
1758
1759
1760
1761
1800
1801
1802
1803
1804
1805
1806
1708
1709
1710
1762
1763
1764
1765
1702
1711
1622
1587
1487
1488
1489
1403
1402
1401
1343
1342
1400
1399
1398
1397
1341
1340
1339
1338
1337
1479
1480
1481
1482
1584
1585
1586
1483
1484
1485
1486
1673
1672
1707
1701
1671
1641
1621
1583
1478
1477
1476
1475
1474
1473
1472
1471
1582
1470
1469
1468
1467
1466
1465
1464
1463
1462
1461
1460
1459
1458
1457
1456
1455
1454
1453
1452
1451
1450
1449
1448
1447
1446
1445
1444
1443
1442
1578
1441
1440
1439
1577
1438
1437
1436
1435
1434
1433
1432
1431
1430
1429
1427
1426
1425
1424
1423
1422
1421
1420
1419
1575
1574
1615
1634
1663
1699
1705
1796
1795
1794
1698
1661
1632
1611
1567
1566
1568
1569
1570
1571
1565
1660
1697
1726
1696
1659
1793
2386
2385
2384
2383
2369
2871
2893
2911
2939
3059
3058
3057
3056
3051
3048
3212
3219
3229
3230
3231
3232
3233
3234
3235
3236
3237
3238
3239
3240
3241
3242
3244
3245
3246
3304
3247
3248
3249
3250
3251
3252
3253
3254
3255
3256
3305
3322
3347
3381
3524
3523
3522
3521
3520
3519
3518
3419
3517
3516
3515
3513
3512
3511
3510
3509
3508
3507
3506
3505
3499
3495
3413
3484
3481
3480
3457
3454
3450
3365
3333
3315
3291
3167
3176
3181
3185
3189
3198
3297
3340
3375
3154
3143
3139
3133
3129
3276
3270
3266
3243
3382
3351
3514
3701
3746
3849
3880
3967
3815
3819
3712
3715
3720
3723
3726
3592
3582
3606
3613
3620
3627
3632
3636
3643
3650
3661
3664
3670
3672
3673
3674
3675
3676
3745
3781
3810
3847
3862
3848
3879
4018
4017
3951
3950
3949
3947
3943
3934
3929
3926
3922
3919
3916
3870
3869
3825
3794
3796
3827
4086
4082
4075
4065
4056
4053
4046
4044
4037
4019
4095
4103
4110
4117
4125
4133
4141
4148
4163
4169
4173
4183
4187
4188
4189
4190
4191
4192
4193
4242
4194
4195
4196
4197
4198
4199
4200
4201
4243
4202
4203
4204
4205
4206
4207
4208
4209
4210
4211
4244
4245
4212
4213
4214
4215
4216
4217
4246
4263
4279
4303
4463
4462
4461
4460
4302
4301
4278
4262
4459
4458
4457
4456
4455
4454
4453
4329
4312
4452
4451
4450
4449
4448
4447
4328
4446
4445
4444
4443
4442
4327
4482
4481
4431
4427
4410
4406
4400
4390
4385
4377
4370
4366
4358
4351
4347
4345
4464
4518
4523
4532
4539
4548
4553
4558
4564
4573
4578
4581
4588
4593
4688
4731
4765
4807
4912
4908
4903
4897
4894
4888
4887
4847
4845
4865
4832
4787
4828
4704
4706
4662
4666
4924
4928
4861
4946
4947
4948
4949
4862
4863
4827
4782
4781
4826
4829
4783
4744
4830
4701
4634
4633
4632
4631
4630
4629
4628
4627
4624
4694
4818
4699
4700
4702
4635
4636
4637
4638
4639
4640
4641
4642
4643
4644
4645
4646
4647
4648
4649
4650
4651
4652
4653
4654
4655
4656
4657
4658
4659
4660
4708
4483
4484
4485
4486
4487
4488
4489
4490
4491
4492
4493
4494
4495
4496
4497
4498
4499
4500
4501
4502
4503
4664
4663
4718
4748
4789
4790
4749
4750
4719
4709
4791
4836
4846
4968
4969
4970
4971
4972
4792
4751
4720
4710
4665
4793
4794
4752
4721
4667
4507
4508
4509
4510
4511
4512
4513
4514
4515
4516
4517
4519
4668
4669
4520
4521
4522
4524
4525
4526
4527
4528
4529
4530
4531
4533
4534
4535
4536
4537
4538
4540
4674
4673
4672
4726
4757
4799
4798
4756
4725
4671
4724
4755
4797
4892
4891
4890
4889
4848
4837
4795
4753
4722
4723
4754
4796
4670
4352
4353
4354
4355
4356
4357
4285
4269
4253
4254
4270
4286
4287
4288
4317
4359
4360
4361
4362
4363
4364
4365
4367
4368
4369
4304
4318
4371
4372
4373
4374
4375
4376
4378
4379
4466
4467
4319
4290
4289
4271
4255
4305
4230
4231
4100
4101
4102
4104
4105
4106
4107
4108
4109
4111
4112
4113
4114
4115
4116
4118
4119
4120
4121
4122
4123
4233
4234
4124
4235
4236
4126
4127
4128
4129
4130
4131
4132
4134
4135
4136
4137
4138
4139
4140
4142
4143
4144
4145
4146
4147
4149
4150
4151
4152
4153
4154
4155
4156
4157
4158
4159
4160
4161
4162
4238
4164
4165
4166
4167
4168
4170
4171
4172
4239
4259
4275
4297
4309
4325
4474
4473
4475
4476
4432
4433
4434
4435
4436
4437
4477
4478
4479
4480
4438
4439
4440
4441
4625
4626
4716
4743
4780
4824
4825
4997
4996
4995
4994
4993
4992
4991
4990
4989
4988
4844
4822
4778
4741
4714
4696
4623
4622
4621
4620
4619
4618
4617
4616
4615
4614
4613
4612
4611
4610
4609
4693
4608
4607
4606
4605
4692
4691
4603
4604
4602
4601
4600
4599
4598
4597
4596
4595
4594
4690
4592
4591
4590
4589
4587
4586
4585
4584
4583
4582
4689
4771
4814
4858
4921
4922
4923
4925
4926
4927
4982
4983
4929
4930
4931
4932
4933
4934
4984
4985
4859
4935
4936
4986
4987
4860
4937
4938
4939
4940
4941
4942
4820
4776
4739
4695
4740
4777
4821
4945
4944
4943
5086
5085
5084
5083
5170
5082
5081
5080
5079
5078
5077
5076
5075
5074
5073
5072
5071
5070
5069
5068
5067
5066
5168
5167
5166
5064
5065
5063
5062
5061
5060
5059
5058
5057
5056
5055
5054
5053
5052
5162
5161
5209
5247
5208
5288
5245
5206
5188
5160
5187
5205
5244
5286
5159
5158
5157
5051
5050
5049
5048
5047
5046
5045
5044
5043
5042
5041
5040
5039
5154
5038
5153
5152
5037
5036
5035
5150
5149
5148
5147
5146
5033
5034
5151
5239
5279
5331
5332
5333
5280
5240
5281
5330
5329
5328
5327
5326
5325
5276
5236
5237
5277
5278
5238
5145
5275
5370
5369
5368
5367
5324
5307
5366
5365
5364
5363
5362
5361
5360
5359
5322
5273
5234
5201
5140
5141
5017
5018
5019
5020
5021
5022
5023
5024
5142
5202
5235
5274
5025
5026
5027
5028
5144
5029
5030
5031
5032
4901
4900
4899
4898
4802
4760
4728
4676
4547
4549
4550
4551
4552
4554
4555
4556
4679
4557
4559
4560
4561
4562
4563
4680
4729
4763
4805
4911
4910
4909
4907
4852
4838
4906
4905
4904
4902
4851
4850
4803
4761
4762
4804
4678
4677
4546
4545
4544
4543
4542
4541
4675
4727
4759
4801
4800
4758
4849
4896
4895
4893
5016
5015
5139
5185
5200
5233
5272
5306
5442
5441
5440
5439
5304
5270
5231
5198
5184
5138
5137
5014
5013
5136
5183
5195
5230
5266
5267
5321
5358
5268
5269
5197
5134
5182
5194
5229
5265
5303
5434
5435
5436
5437
5438
5494
5493
5492
5565
5564
5563
5491
5490
5489
5488
5487
5486
5485
5559
5560
5561
5562
5616
5638
5685
5684
5637
5636
5683
5745
5746
5747
5784
5686
5639
5640
5687
5688
5641
5617
5749
5748
5846
5847
5848
5942
5941
5940
5939
5845
5844
5843
5842
5840
5839
5838
5837
5936
6021
6067
6130
6166
6167
6068
6022
5996
5938
6023
6069
6163
6131
6070
6024
6071
6072
6025
5997
6026
6073
6132
6133
6168
6164
6075
6028
6027
5998
6074
5944
5852
5850
5849
5943
5853
5854
5856
5857
5858
5946
5945
5947
5990
6000
6032
6079
6114
6078
6031
6030
6077
6076
6029
5999
6134
6135
6189
6190
6191
6192
6193
6136
6137
6138
6082
6081
6080
6033
6001
5991
5948
5949
5950
5951
5952
5859
5953
5954
5860
5862
5863
5864
5955
5956
6003
6036
6087
6116
6086
6035
6002
6141
6196
6195
6197
6198
6262
6263
6264
6265
6266
6267
6361
6360
6359
6358
6357
6259
6260
6258
6256
6255
6356
6456
6505
6504
6455
6417
6398
6355
6397
6416
6454
6503
6354
6396
6415
6453
6502
6353
6352
6253
6252
6251
6249
6351
6350
6412
6450
6499
6542
6555
6500
6451
6413
6414
6395
6452
6501
6543
6612
6613
6614
6615
6616
6617
6618
6619
6620
6621
6622
6556
6506
6507
6457
6418
6419
6458
6508
6509
6459
6460
6420
6510
6557
6544
6511
6461
6421
6399
6362
6400
6422
6462
6512
6463
6423
6401
6424
6464
6514
6545
6513
6515
6465
6425
6364
6365
6269
6270
6271
6272
6273
6274
6275
6277
6367
6368
6403
6427
6469
6519
6547
6518
6468
6467
6426
6402
6517
6546
6516
6466
6366
6559
6636
6589
6558
6635
6634
6633
6632
6631
6630
6629
6628
6627
6626
6625
6624
6692
6771
6817
6839
6870
6900
6916
6967
6966
6968
6969
6970
6971
6917
6871
6872
6840
6818
6773
6772
6694
6695
6774
6775
6776
6777
6778
6698
6697
6696
6841
6873
6874
6842
6843
6819
6875
6921
6920
6919
6918
7045
7044
7043
7042
7041
7040
7039
7142
7143
7144
7145
7146
7188
7213
7241
7266
7277
7343
7342
7344
7345
7346
7347
7348
7349
7350
7351
7353
7280
7281
7282
7267
7243
7215
7189
7179
7151
7150
7149
7049
7047
7148
7147
7278
7279
7242
7214
7152
7180
7190
7216
7244
7245
7217
7191
7153
7051
7052
7053
7054
7055
7056
7155
7154
7156
7157
7158
7159
7058
7059
7128
7060
7061
7062
7063
7064
7065
7067
7068
7129
7069
7070
7071
7072
7073
7075
7076
7077
7078
7130
7079
7080
7081
7082
7083
7084
7085
7087
7088
7089
7090
7091
7093
7164
7163
7162
7161
7160
7220
7251
7219
7286
7287
7252
7221
7192
7268
7288
7165
6934
6933
6932
6931
6930
6905
6886
6850
6791
6724
6792
6793
6794
6795
6888
6887
6885
6823
6723
6722
6721
6720
6650
6593
6574
6573
6533
6485
6486
6534
6535
6487
6439
6388
6387
6299
6298
6297
6296
6295
6294
6383
6382
6384
6385
6386
6438
6484
6532
6572
6571
6570
6531
6483
6482
6437
6405
6481
6529
6530
6551
6569
6648
6649
6715
6714
6717
6718
6719
6757
6982
6981
6950
6979
7250
7316
7360
7315
7314
7359
7313
7285
7284
7283
7247
7218
7248
7249
7246
7312
7435
7437
7438
7439
7440
7441
7442
7538
7593
7629
7630
7594
7663
7673
7727
7693
7828
7919
7918
7917
7827
7826
7825
7824
7823
7822
7820
7819
7818
7817
7816
7814
7911
7913
8021
8085
8084
8020
8083
7971
8082
7970
8080
7968
8079
8159
8158
8157
8123
8156
8155
8077
8017
7909
7799
7800
7801
7802
7803
7804
7805
7806
7808
7809
7810
7811
7812
7813
7624
7589
7566
7531
7426
7427
7428
7429
7430
7534
7532
7535
7536
7432
7431
7433
7434
7537
7567
7591
7626
7662
7661
7625
7590
7627
7916
7915
7914
8022
8086
8087
8023
8025
8089
8129
8162
8173
8130
8131
8132
8133
8163
8164
8091
8029
7976
7922
7833
7834
7835
7836
7837
7838
7840
7841
7842
7843
7844
7845
7846
7847
7849
7850
7851
7852
7929
7981
8034
8096
8097
8035
7928
7980
8033
8095
8094
8032
7979
7927
7925
7924
7923
7978
8031
8093
8166
8165
8260
8261
8363
8421
8472
8530
8529
8471
8420
8419
8470
8528
8527
8469
8418
8360
8254
8255
8256
8257
8258
8259
8362
8361
8253
8252
8358
8417
8468
8526
8587
8586
8565
8525
8467
8466
8416
8524
8523
8465
8415
8355
8244
8245
8246
8247
8248
8249
8250
8251
8357
8356
8243
8242
8241
8240
8353
8413
8463
8521
8522
8464
8414
8354
8239
8238
8237
8350
8349
8348
8236
8235
8234
8347
8411
8459
8517
8518
8460
8461
8519
8520
8462
8412
8352
8564
8563
8562
8689
8688
8687
8685
8684
8683
8682
8681
8679
8678
8677
8676
8675
8674
8673
8672
8671
8670
8669
8668
8667
8666
8665
8663
8662
8661
8659
8658
8799
8854
8946
8945
8944
8893
8853
8852
8892
8943
8993
8988
8942
8891
8851
8795
8652
8653
8651
8650
8649
8648
8647
8645
8644
8643
8642
8641
8639
8638
8637
8636
8635
8634
8633
8632
8631
8629
8628
8781
8627
8626
8625
8624
8623
8622
8621
8619
8618
8780
8617
8616
8615
8614
8613
8612
8778
8777
8776
8775
8774
8773
8772
8771
8770
8769
8768
8767
8766
8765
8764
8763
8762
8761
8760
8759
8758
8757
8756
8755
8754
8753
8752
8784
8746
8742
8726
8718
8692
8686
8680
8664
8660
8782
8646
8640
8630
8620
8611
8786
8787
8843
8883
8934
8932
8881
8992
9005
8991
8931
8779
8600
8557
8576
8559
8560
8556
8498
8442
8436
8492
8324
8329
8186
8175
8384
8174
8142
8171
8049
7993
7744
7863
7737
7672
7667
7714
7721
7612
7615
7518
7522
7533
7436
7445
7451
7461
7470
7474
7512
7478
7479
7480
7481
7482
7483
7484
7485
7486
7487
7488
7489
7490
7491
7492
7493
7494
7495
7496
7497
7498
7499
7500
7501
7502
7556
7555
7554
7553
7552
7551
7576
7603
7641
7640
7602
7575
7550
7549
7548
7547
7545
7571
7598
7636
7635
7597
7570
7572
7599
7637
7638
7600
7573
7574
7601
7639
7642
7604
7668
7669
7670
7671
7643
7605
7606
7644
7645
7607
7577
7557
7505
7368
7369
7506
7370
7371
7372
7373
7374
7375
7376
7377
7378
7379
7380
7507
7381
7382
7383
7384
7385
7386
7387
7388
7389
7508
7390
7391
7392
7393
7394
7396
7397
7398
7399
7516
7515
7579
7609
7650
7651
7610
7688
7687
7720
7686
7685
7719
7684
7683
7682
7718
7681
7680
7717
7679
7649
7648
7678
7677
7716
7676
7675
7715
7674
7738
7739
7740
7741
7742
7743
7745
7746
7747
7748
7749
7885
7952
8053
8054
8055
7997
7886
7887
7750
7751
7752
7753
7754
7755
7888
7953
7998
8056
8148
8147
8115
8184
8185
8187
8188
8317
8189
8190
8191
8192
8193
8194
8195
8196
8197
8198
8199
8200
8201
8202
8203
8204
8205
8206
8207
8208
8209
8336
8401
8449
8505
8504
8448
8400
8335
8334
8333
8399
8447
8503
8502
8446
8398
8332
8331
8330
8396
8444
8500
8499
8443
8395
8397
8445
8501
8581
8580
8602
8579
8578
8601
8577
8497
8441
8394
8328
8183
8182
8181
8180
8179
8178
8177
8176
8323
8322
8321
8316
8315
8388
8434
8491
8553
8554
8555
8493
8437
8390
8391
8438
8494
8495
8439
8392
8393
8440
8496
8326
8327
8325
8145
8146
8114
8144
8143
8113
8051
7995
7994
7951
8050
7882
7883
7884
7996
8052
7947
7946
7879
7878
7877
7876
7875
7874
7873
7872
7871
7870
7869
7868
7867
7866
7865
7864
7937
7936
7935
7860
7859
7861
7862
7938
7939
7940
7941
7942
7943
7944
7945
7991
8047
8110
8111
8048
7992
7880
7881
7990
8046
8109
8108
8045
7989
7988
8044
8107
8106
8043
8042
7987
8105
8104
8139
8140
8303
8302
8301
8300
8299
8298
8297
8296
8295
8294
8293
8292
8320
8285
8280
8262
8365
8359
8351
8343
8227
8221
8217
8213
8337
8341
8406
8454
8511
8508
8452
8404
8561
8515
8532
8473
8566
8593
8609
8596
8597
8610
8598
8599
8543
8482
8427
8428
8483
8544
8545
8484
8485
8429
8546
8547
8486
8430
8487
8548
8549
8488
8431
8550
8551
8489
8432
8385
8383
8310
8309
8308
8307
8306
8305
8304
8379
8380
8381
8382
8311
8312
8386
8433
8490
8552
8387
8313
8314
8558
8785
8842
8882
8933
9008
9049
9009
9010
9050
9011
9012
9013
9051
9014
9015
9052
9016
9017
8935
8884
8844
8788
8789
8790
8846
8886
8937
8936
8885
8845
8847
8887
8938
8939
8888
8848
8791
8792
8793
8849
8889
8940
8941
8890
8850
8794
8796
8654
8655
8656
8657
8798
8797
8510
8509
8453
8405
8403
8451
8507
8339
8214
8212
8211
8210
8338
8402
8450
8506
8340
8215
8216
8118
8119
8070
8010
8009
8069
8068
8008
7963
7901
7774
7775
7776
7777
7903
7902
7779
7780
7781
7782
7783
7784
7785
7786
7787
7789
7906
7965
8013
8073
8072
8012
8011
7964
8071
7904
7905
8120
8152
8153
8218
8219
8220
8222
8223
8318
8224
8225
8226
8228
8229
8344
8408
8456
8513
8512
8455
8407
8342
8409
8457
8514
8516
8458
8410
8346
8232
8233
8231
8230
8345
8172
7797
7796
7795
7794
7793
7792
7791
7790
7907
7948
7966
8015
8075
8074
8014
8121
8122
8076
8016
7967
7908
7692
7653
7654
7655
7646
7619
7585
7564
7560
7584
7618
7617
7583
7582
7616
7519
7520
7521
7416
7415
7414
7413
7412
7411
7410
7409
7408
7407
7406
7405
7404
7403
7517
7562
7563
7614
7581
7561
7559
7613
7652
7722
7689
7690
7723
7691
7724
7725
7726
7656
7657
7658
7659
7622
7588
7565
7527
7526
7420
7419
7418
7524
7523
7525
7587
7621
7620
7586
7417
7276
7265
7240
7212
7187
7141
7037
7140
7139
7185
7209
7184
7138
7137
7136
7135
7033
7032
7031
7030
7029
7134
7183
7206
7235
7236
7237
7207
7208
7238
7271
7270
7272
7273
7274
7275
7239
7211
7186
7210
7035
7034
6913
6912
6911
6865
6834
6812
6808
6835
6866
6813
6836
6814
6815
6837
6867
6914
6766
6684
6683
6682
6681
6680
6679
6764
6763
6762
6677
6676
6675
6674
6673
6672
6671
6755
6670
6669
6811
6863
6939
6964
6940
6941
6965
6942
6943
6864
6899
6765
6685
6686
6687
6688
6689
6769
6770
6690
6768
6767
6816
6838
6868
6869
6915
6945
6779
6699
6700
6780
6781
6782
6783
6784
6785
6786
6704
6703
6705
6707
6787
6809
6820
6847
6881
6903
6880
6846
6845
6879
6926
6927
6928
6975
6976
6948
6977
6978
6929
6883
6849
6822
6821
6848
6882
6904
6789
6790
6710
6711
6709
6708
6788
6644
6645
6565
6564
6549
6522
6474
6432
6473
6521
6431
6472
6430
6471
6429
6370
6371
6372
6373
6279
6280
6281
6282
6283
6375
6376
6377
6284
6285
6378
6379
6286
6288
6289
6290
6291
6292
6381
6380
6436
6480
6528
6527
6479
6435
6434
6478
6526
6550
6525
6477
6476
6524
6523
6475
6433
6374
6212
6213
6121
6099
6048
6011
5993
5969
5968
5884
5883
5882
5881
5880
5965
5966
5967
5992
6010
6047
6098
6119
6097
6046
6045
6009
6096
6095
6044
6146
6147
6210
6211
6148
6120
6100
6049
6012
5970
5971
5886
5887
5888
5889
5972
5973
5974
5975
5976
5977
5895
5894
5893
5892
5891
6014
6052
6103
6102
6051
6053
6104
6105
6054
6055
6106
6153
6154
6174
6175
6176
6177
6179
6180
6108
6057
6016
5981
5907
5908
5909
6058
6109
5906
5905
5904
5903
5902
5900
5899
5898
5897
5979
5978
5896
5819
5818
5817
5816
5776
5739
5718
5668
5625
5624
5667
5717
5738
5599
5533
5532
5530
5529
5528
5596
5597
5598
5665
5715
5714
5664
5713
5773
5774
5775
5787
5716
5666
5600
5601
5534
5535
5536
5537
5602
5613
5627
5671
5721
5741
5779
5796
5821
5820
5778
5740
5720
5670
5626
5669
5719
5777
5822
5823
5824
5825
5722
5672
5628
5614
5603
5538
5392
5393
5394
5395
5391
5390
5389
5388
5387
5386
5385
5384
5341
5340
5311
5310
5292
5252
5213
5212
5251
5291
5290
5250
5211
5164
5163
5249
5289
5338
5380
5379
5378
5337
5336
5248
5210
5454
5453
5452
5451
5450
5449
5448
5447
5335
5334
5377
5376
5375
5374
5373
5372
5371
5283
5241
5203
5155
5242
5284
5285
5243
5204
5186
5308
5520
5519
5518
5517
5516
5515
5514
5513
5587
5622
5657
5705
5736
5766
5812
5813
5814
5790
5791
5792
5793
5794
5706
5658
5623
5707
5708
5659
5590
5591
5522
5589
5588
5521
5523
5524
5525
5593
5592
5594
5595
5526
5663
5712
5772
5786
5771
5770
5769
5768
5767
5709
5660
5661
5710
5711
5662
5737
5885
6013
6050
6101
6122
6149
6215
6214
6150
6151
6152
6107
6056
6015
5980
5723
5673
5539
5396
5397
5398
5399
5461
5462
5342
5401
5402
5403
5404
5463
5464
5465
5466
5405
5406
5407
5344
5345
5297
5173
5174
5099
5098
5097
5096
5172
5216
5255
5296
5313
5343
5540
5674
5724
5911
6059
6110
6307
6306
6390
6488
6536
6537
6489
6575
6389
6302
6301
6300
6303
6304
6305
6440
6490
6441
6491
6442
6538
6577
6576
6391
6392
6310
6311
6155
6123
5982
5725
5541
5542
5476
5474
5094
5093
5092
5091
5090
5089
5171
5087
5215
5254
5295
5312
5294
5293
5253
5214
5169
4843
4819
4775
4738
4737
4774
4817
4842
4816
4773
4736
4472
4471
4409
4408
4407
4405
4404
4403
4402
4401
4399
4398
4397
4396
4395
4323
4322
4307
4294
4394
4321
4293
4292
4273
4257
4393
4392
4391
4389
4388
4387
4320
4470
4469
4386
4384
4383
4382
4468
4571
4570
4569
4568
4567
4566
4565
4380
4381
4572
4681
4730
4764
4806
4839
4853
4974
4973
4975
4976
4920
4919
4918
4917
4916
4915
4914
4913
4808
4766
4732
4682
4574
4575
4576
4683
4684
4685
4686
4711
4733
4769
4811
4840
4857
4856
4855
4854
4809
4767
4768
4810
4977
4978
4979
4980
4981
4812
4770
4734
4712
4687
4577
4813
4579
4580
4713
4735
4772
4815
4841
4411
4412
4413
4414
4415
4416
4417
4418
4419
4420
4421
4296
4422
4423
4424
4425
4426
4428
4429
4430
4697
4715
4742
4779
4823
4698
4326
4310
4298
4276
4260
4240
4181
4182
4184
4185
4186
4016
4015
4014
4013
4012
4011
4010
4009
4008
4007
3948
3946
3945
3944
3861
3843
3807
3778
3756
3741
3757
3779
3808
3844
3809
3780
3758
3845
3846
3743
3744
3742
3504
3503
3502
3415
3501
3500
3498
3414
3376
3341
3316
3310
3216
3215
3214
3213
3211
3210
3209
3208
3207
3206
3205
3265
3204
3203
3202
3201
3200
3199
3197
3196
3195
3264
3194
3193
3296
3295
3192
3191
3190
3188
3187
3186
3184
3183
3293
3294
3338
3372
3371
3337
3370
3408
3409
3410
3482
3483
3373
3374
3339
3411
3412
3485
3542
3486
3487
3543
3488
3489
3490
3544
3491
3492
3545
3493
3494
3496
3497
3665
3666
3667
3668
3669
3671
3740
3777
3806
3842
3841
3860
3878
3942
3941
3940
3939
3938
3937
3936
3877
4006
4005
3935
3933
3932
3876
4004
4003
3931
3930
3928
3927
3875
3874
3838
3803
3837
3734
3735
3736
3638
3637
3639
3640
3641
3642
3644
3645
3646
3647
3648
3649
3651
3652
3653
3654
3655
3656
3657
3658
3659
3660
3739
3662
3663
3377
3342
3343
3317
3378
3298
3299
3224
3225
3226
3227
3228
3300
3301
3302
3320
3345
3319
3344
3318
3391
3416
3417
3418
3223
3222
3221
3220
3218
3217
3091
3050
3049
3090
3047
3046
3045
3089
3044
3043
3088
3042
3041
3040
3087
3039
3038
3086
3037
3036
3035
3034
3033
3032
3031
3030
3029
3028
3027
3025
3024
3023
3022
3020
3019
3018
2932
2907
2890
2861
2745
2746
2747
2748
2749
2751
2752
2753
2754
2755
2756
2758
2759
2760
2761
2762
2763
2764
2765
2766
2767
2768
2769
2771
2772
2773
2774
2837
2775
2776
2777
2778
2779
2781
2782
2783
2784
2838
2785
2786
2787
2788
2789
2791
2792
2793
2794
2839
2796
2797
2798
2799
2800
2802
2803
2804
2805
2806
2865
2866
2867
2868
2869
2870
2938
2937
2954
2968
2967
3055
3054
3053
3052
2936
2910
2969
2970
2971
2972
2641
2640
2639
2569
2568
2567
2566
2531
2492
2493
2532
2441
2442
2443
2444
2378
2377
2376
2224
2223
2222
2221
2131
2130
2129
2220
2219
2218
2217
2094
2059
2010
2011
2012
1952
1951
1950
1949
1948
1947
1946
1945
1943
1942
1941
1940
1939
1938
1937
1936
1935
1934
1981
1932
1931
1930
1929
1928
1927
1926
1925
1923
1980
1922
1921
2006
2005
2004
1920
1919
1918
1917
1915
2002
2001
1914
1913
1912
1911
1910
1909
1908
1907
1906
1905
1904
1903
1902
1901
1900
1899
1898
1897
1896
1895
1894
1893
1891
1890
1889
1888
1887
1886
1885
1884
1883
1882
1881
1880
1879
1878
1877
1876
1875
1874
1873
1872
1871
1870
1868
1867
1866
1865
1864
1863
2084
1997
1861
1860
1859
1858
1857
1856
1855
1854
1853
1852
1851
1850
1849
1848
1847
1846
1988
1989
1990
2047
2078
2077
2046
2029
2117
2118
2152
2153
2119
2120
2121
2122
2154
2155
2156
2242
2243
2110
2083
2052
2030
2022
1995
1994
1993
1992
2048
2079
2080
2049
2050
2081
2300
2302
2303
2304
2305
2306
2307
2308
2309
2310
2311
2419
2420
2312
2313
2314
2315
2316
2317
2421
2423
2319
2320
2321
2322
2323
2324
2424
2425
2426
2427
2429
2430
2327
2326
2325
2169
2170
2171
2172
2173
2174
2175
2086
2176
2177
2178
2179
2181
2182
2183
2184
2185
2186
2187
2188
2189
2190
2191
2192
2193
2194
2195
2196
2197
2198
2199
2200
2087
2054
2032
2111
2126
2201
2202
2203
2204
2244
2363
2364
2365
2529
2634
2633
2654
2632
2631
2565
2653
2652
2630
2629
2542
2528
2491
2464
2440
2360
2361
2362
2359
2358
2357
2356
2355
2354
2353
2352
2351
2350
2349
2348
2437
2438
2462
2489
2526
2525
2625
2624
2623
2622
2621
2620
2564
2563
2619
2618
2617
2616
2562
2561
2560
2559
2558
2556
2555
2554
2553
2615
2614
2613
2612
2551
2611
2610
2609
2608
2607
2550
2549
2606
2605
2604
2603
2602
2601
2548
2600
2599
2598
2597
2506
2416
2296
2297
2298
2299
2417
2418
2460
2474
2508
2507
2710
2709
2708
2707
2706
2705
2704
2703
2702
2701
2700
2699
2698
2697
2696
2695
2694
2844
2692
2691
2690
2689
2688
2687
2686
2685
2684
2683
2681
2680
2679
2678
2677
2676
2675
2674
2673
2841
2842
2882
2897
2916
2977
2978
2979
2980
2981
2982
2983
2984
2985
2986
2987
2917
2898
2883
2843
2918
2988
2989
2990
2991
2992
2993
2994
2995
2996
2997
2998
2999
3000
3001
2921
2711
2712
2713
2714
2715
2716
2847
2848
2885
2900
2923
2949
2922
2957
3003
3002
3074
3075
3076
3077
2958
2950
2959
2951
2925
2901
2886
2880
2849
2717
2718
2719
2720
2852
2851
2887
2902
2926
2927
2903
2888
2881
2952
3080
3081
3004
3005
3006
3007
3008
3009
3082
3083
3084
3085
2962
2953
2928
2904
2889
2855
2856
2857
2729
2728
2730
2731
2732
2733
2734
2735
2736
2737
2738
2739
2740
2741
2742
2744
2626
2627
2628
2527
2490
2463
2439
2347
2346
2345
2344
2343
2342
2341
2340
2339
2338
2337
2336
2334
2333
2332
2331
2330
2329
2432
2433
2485
2521
2519
2483
2482
2518
2517
2481
2480
2516
2515
2479
2478
2514
2513
2512
2477
2510
2509
2475
2157
2158
2159
2160
2161
2162
2163
2164
2165
2166
2167
2168
2085
2053
2031
1999
2328
2431
2486
2522
2523
2487
2434
2435
2461
2488
2524
2436
2860
2931
3014
3013
3012
2966
2965
2930
2906
2858
2859
3011
3010
2964
2963
2929
2905
2727
2726
2725
2724
2723
2722
2721
2853
3079
3078
3134
3135
3136
3137
3138
3140
3141
3283
3284
3142
3144
3145
3146
3147
3148
3149
3150
3151
3152
3285
3286
3287
3153
3155
3156
3157
3158
3159
3160
3161
3162
3163
3164
3165
3166
3168
3169
3170
3171
3172
3173
3174
3175
3177
3178
3179
3180
3182
3292
3369
3479
3478
3477
3476
3475
3474
3473
3472
3471
3470
3469
3468
3467
3466
3465
3407
3406
3405
3404
3403
3402
3464
3463
3462
3461
3460
3459
3458
3401
3362
3331
3361
3456
3455
3453
3452
3451
3541
3540
3539
3538
3449
3448
3399
3389
3447
3446
3398
3359
3329
3279
3280
3125
3126
3127
3128
3281
3130
3131
3132
3282
3314
3330
3360
3390
3400
3581
3580
3579
3578
3577
3719
3576
3575
3718
3755
3768
3717
3574
3573
3572
3571
3570
3569
3568
3567
3566
3565
3564
3563
3562
3561
3560
3716
3766
3791
3822
3886
3885
3884
3883
3882
3881
3994
3993
3992
3991
3990
3989
3988
3987
3986
3985
3984
3983
3982
3981
3980
3979
3978
3977
3976
3975
3864
3854
3814
3785
3760
3749
3709
3708
3546
3707
3706
3705
3704
3703
3702
3700
3699
3698
3697
3696
3695
3694
3693
3692
3691
3690
3689
3688
3687
3686
3685
3684
3683
3682
3681
3680
3679
3678
3677
3747
3782
3811
3850
3953
3952
3954
3955
3956
3957
3851
3812
3783
3748
3958
3959
3960
3961
3962
3963
3964
3965
3966
3968
3969
3970
3971
3972
3973
3974
3863
3853
3852
3813
3784
3759
3710
3750
3761
3786
3816
3787
3762
3751
3817
3711
3547
3548
3549
3550
3551
3752
3763
3788
3818
3855
3789
3764
3753
3820
3713
3714
3754
3765
3790
3821
3552
3553
3554
3555
3556
3557
3558
3559
3436
3437
3438
3439
3440
3441
3442
3397
3358
3277
3120
3119
3118
3117
3116
3115
3114
3113
3112
3111
3110
3109
3108
3107
3106
3274
3273
3272
3104
3103
3102
3101
3271
3312
3325
3353
3387
3394
3533
3534
3535
3430
3431
3395
3396
3355
3327
3326
3354
3356
3432
3433
3434
3357
3328
3313
3275
3105
3100
3099
3098
3097
3096
3269
3268
3311
3324
3350
3386
3392
3529
3530
3531
3528
3424
3423
3422
3421
3420
3527
3526
3525
3384
3349
3385
3307
3267
3092
3093
3094
3095
2976
2975
2947
2946
2915
2896
2914
2945
2943
2942
2875
2876
2877
2834
2835
2836
2878
2879
2672
2840
2948
2974
3260
3259
3261
3262
3263
3258
3257
3306
3323
3348
3383
3073
3072
3071
3070
3069
3068
3067
3066
3065
3064
3063
3062
3061
3060
2940
2912
2894
2872
2819
2818
2820
2821
2822
2823
2824
2825
2826
2827
2828
2829
2830
2831
2832
2833
2873
2895
2913
2941
3380
3303
3321
3346
3379
4241
4261
4277
4299
4311
4300
4703
4784
4831
4864
4954
4953
4952
4951
4950
5107
5106
5105
5104
5103
5102
5101
5100
5124
5095
5088
5165
5156
5207
5246
5287
5309
5282
5323
5444
5445
5446
5443
5320
5316
5346
5314
5219
5221
5190
5228
5196
5199
5232
5271
5305
5135
5126
5176
4998
5220
5301
5348
5349
5423
5469
5470
5471
5472
5473
5475
5477
5552
5554
5555
5607
5608
5609
5615
5677
5729
5726
5780
5678
5604
5829
5932
6113
6124
6156
6129
6062
6018
5994
5989
5995
5937
5841
5836
5830
5983
5851
5855
5929
5861
5865
5871
5874
5877
5890
5901
5910
5912
5930
5913
5914
5915
5916
5917
5918
5919
5920
5921
5931
5922
5923
5924
5925
5926
6060
6061
6111
6157
6158
6112
6125
6159
6160
6126
6165
6127
6128
6161
6065
6019
6017
6064
6063
5933
5988
5831
5832
5833
5834
5935
5934
6020
6066
6162
6231
6232
6233
6234
6336
6235
6236
6237
6238
6239
6240
6241
6242
6243
6347
6409
6447
6496
6497
6448
6410
6348
6244
6245
6246
6248
6349
6411
6449
6498
6586
6585
6610
6584
6583
6609
6582
6554
6541
6494
6445
6407
6344
6228
6229
6226
6225
6224
6223
6222
6221
6335
6394
6334
6333
6332
6331
6330
6329
6328
6340
6327
6326
6325
6324
6323
6322
6321
6320
6319
6339
6318
6317
6316
6315
6314
6313
6312
6309
6308
6338
6293
6287
6278
6276
6261
6257
6254
6250
6247
6337
6230
6227
6393
6539
6552
6341
6220
6169
6194
6170
6171
6203
6173
6178
6181
6216
6182
6183
6217
6184
6185
6186
6218
6187
6219
6188
5984
5985
5928
5927
5986
5987
5782
5781
5675
5630
5631
5676
5632
5728
5606
5605
5550
5551
5478
5556
5557
5558
5479
5480
5481
5482
5483
5484
5429
5430
5431
5432
5433
5260
5224
5192
5181
5193
5225
5261
5262
5226
5227
5263
5317
5318
5319
5264
5131
5130
5129
5128
5009
5010
5008
5127
5180
5191
5223
5259
5125
5179
5189
5222
5258
5302
5357
5356
5355
5354
5353
5352
5351
5350
5347
5300
5315
5422
5421
5420
5419
5418
5417
5299
5257
5218
5177
5118
5119
5120
5121
5122
5178
5123
4999
5000
5001
5002
5003
5004
5005
5006
5007
4873
4872
4871
4870
4869
4868
4867
4866
4967
4966
4965
4834
4786
4746
4707
4705
4745
4785
4833
4964
4963
4962
4961
4960
4959
4958
4957
4956
4955
5112
5113
5114
5115
5116
5117
5175
5217
5256
5298
5416
5415
5414
5413
5412
5411
5410
5468
5409
5408
5467
5400
5460
5459
5456
5455
5339
5531
5527
5543
5544
5545
5553
5546
5547
5548
5549
5798
5828
5797
5827
5826
5795
5815
5143
5108
5109
5110
5111
5629
5727
5679
5633
5742
5743
5744
5730
5680
5634
5610
5681
5682
5635
5783
5835
6345
6346
6408
6446
6495
6580
6579
6553
6493
6444
6443
6406
6492
6540
6578
6607
6606
6656
6605
6604
6655
6603
6602
6601
6654
6600
6599
6653
6598
6597
6596
6652
6595
6594
6651
6592
6591
6590
6623
6588
6587
6611
6581
6660
6667
6760
6761
6678
6691
6693
6756
6702
6706
6712
6713
6716
6725
6726
6727
6728
6758
6729
6730
6731
6732
6733
6734
6735
6736
6737
6738
6739
6740
6741
6799
6797
6796
6825
6852
6891
6890
6851
6824
6826
6853
6892
6906
6893
6854
6827
6828
6855
6894
6895
6856
6829
6830
6857
6896
6897
6858
6831
6832
6859
6898
6860
6806
6805
6751
6750
6749
6748
6747
6746
6745
6744
6743
6742
6800
6801
6802
6803
6804
6752
6753
6608
6342
6343
6658
6659
6661
6662
6663
6754
6664
6665
6666
6668
6938
6963
6937
7009
7008
7007
7006
7005
7004
7003
7002
7001
7124
6999
6998
6997
6996
6994
6993
6992
6991
6990
7123
6989
6988
7122
7121
7120
7119
7118
7117
7116
7115
7114
7113
7112
7111
7110
7109
7108
7107
7106
7105
7104
7103
7102
7101
7100
7099
7098
7097
7096
7095
7094
7131
7092
7086
7074
7066
7050
7048
7046
7038
7036
7127
7026
7020
7010
7000
6995
6987
7132
7133
7182
7205
7234
7233
7204
7181
7170
7253
7178
6986
6908
6889
6907
6909
6861
6833
6810
6862
6910
6944
6946
6973
6947
6949
6980
6953
6954
6955
6984
6956
6957
6985
6958
6959
7167
7166
7194
7223
7255
7254
7222
7193
7195
7224
7256
7257
7225
7196
7168
7169
7171
7172
7198
7227
7259
7258
7226
7197
7199
7228
7260
7261
7229
7200
7174
7173
7201
7230
7262
7263
7231
7202
7203
7232
7264
7176
7175
7177
7289
7333
7290
7291
7334
7292
7293
7294
7335
7295
7296
7336
7297
7298
7299
7337
7300
7301
7338
7302
7303
7304
7339
7306
7307
7340
7308
7309
7402
7401
7400
7580
7611
7771
7770
7769
7768
7898
7897
7960
8005
8065
8064
8063
8004
7959
7896
7766
7767
7765
7764
7763
7762
7761
7760
7892
7891
7956
8001
8060
8059
8117
8116
8112
8058
8000
7955
7954
7999
8057
7889
7757
7756
7758
7759
7890
7893
7894
7957
8002
8061
8062
8003
7958
7895
7961
8006
8066
8067
8007
7962
7899
7900
7772
7773
8150
8151
8582
8603
8604
8583
8584
8605
8585
8606
8801
8800
8856
8895
8948
8947
8894
8855
8857
8896
8949
8950
8897
8858
8802
8803
8859
8898
8951
8952
8899
8860
8804
8805
8806
8807
8808
8902
8955
8994
9025
9026
8956
8903
8863
8809
8690
8691
8693
8694
8695
8696
8697
8698
8699
8700
8701
8702
8703
8704
8705
8706
8707
8708
8815
8814
8867
8908
8961
8960
8907
8866
8813
8812
8811
8810
8865
8905
8958
8957
8904
8864
8906
8959
8995
9027
9028
9104
9103
9102
9101
9140
9100
9099
9098
9097
9096
9189
9210
9286
9287
9288
9284
9283
9380
9282
9281
9280
9278
9277
9276
9275
9273
9272
9379
9271
9270
9395
9394
9269
9268
9393
9392
9400
9402
9399
9403
9401
9406
9412
9417
9443
9508
9444
9446
9509
9447
9448
9449
9511
9450
9451
9512
9452
9453
9454
9513
9455
9456
9514
9457
9458
9459
9515
9460
9461
9516
9463
9464
9465
9517
9466
9468
9518
9469
9470
9471
9519
9472
9473
9520
9475
9476
9477
9521
9478
9479
9522
9480
9408
9481
9523
9482
9483
9524
9484
9404
9409
9348
9349
9219
9196
9346
9345
9344
9343
9342
9341
9387
9340
9339
9338
9337
9336
9335
9334
9333
9385
9331
9330
9329
9328
9326
9325
9324
9323
9322
9384
9321
9320
9319
9318
9317
9316
9315
9313
9312
9383
9311
9310
9396
9309
9308
9306
9305
9304
9303
9302
9382
9301
9300
9299
9298
9297
9296
9295
9294
9293
9381
9292
9291
9290
9289
9211
9212
9190
9191
9213
9162
9152
9156
9163
9164
9171
9165
9173
9172
9145
9105
9146
9147
9030
9029
8996
8962
8909
8989
8997
8963
8910
8868
8869
8911
8964
8965
8912
8870
8871
8913
8966
8967
8914
8872
8873
8915
8968
8969
8823
8722
8723
8783
8724
8725
8727
8728
8729
8730
8731
8732
8733
8734
8735
8736
8737
8738
8739
8740
8741
8743
8744
8745
8747
8748
8749
8828
8827
8826
8875
8919
8974
8973
8918
8874
8972
9063
9062
9061
9060
8999
8998
9039
9038
9037
9036
9059
9035
9033
9058
9032
9110
9111
9112
9141
9113
9114
9115
9116
8970
8916
8917
8971
8824
8825
8569
8568
8567
8534
8474
8422
8389
8423
8475
8535
8536
8476
8477
8537
8538
8478
8370
8369
8276
8275
8274
8273
8272
8271
8366
8367
8368
8277
8278
8279
8281
8282
8283
8284
8286
8287
8288
8289
8290
8375
8374
8426
8481
8541
8540
8480
8425
8373
8372
8424
8479
8539
8594
8592
8572
8571
8570
8371
8169
8170
8134
8099
8037
7930
7853
7854
7855
7931
7932
7984
8039
7983
8038
7982
8135
8136
8100
7857
7858
7734
7666
7665
7664
7633
7596
7632
7541
7542
7543
7544
7476
7475
7473
7472
7471
7469
7468
7467
7466
7511
7465
7464
7463
7462
7460
7459
7458
7457
7456
7510
7455
7454
7453
7452
7450
7449
7448
7447
7446
7509
7444
7443
7694
7728
7695
7696
7729
7697
7698
7699
7730
7700
7701
7731
7702
7703
7704
7732
7705
7706
7733
7708
7709
7477
7327
7364
7326
7325
7363
7324
7323
7322
7362
7320
7319
7361
7318
6951
6952
6983
6647
6646
6568
6567
6566
6563
6562
6561
6548
6520
6470
6428
6404
6369
6560
6639
6640
6641
6642
6643
6701
6844
6877
6878
6925
6924
6974
6923
6972
6922
6902
6876
6901
6637
6638
6207
6208
6209
6145
6206
6172
6144
6205
6204
6202
6201
6200
6199
6143
6117
6092
6041
6006
6005
6040
6091
6090
6039
5958
5959
5960
5873
5872
5870
5869
5868
5867
5957
6004
6038
6089
6142
6268
6363
5961
5875
5962
5876
5963
6007
6042
6093
6118
6094
6043
6008
5964
5878
5879
5811
5789
5788
5765
5735
5586
5511
5512
5510
5509
5585
5584
5583
5621
5654
5702
5734
5762
5806
5805
5807
5808
5809
5810
5763
5764
5703
5655
5656
5704
5701
5653
5620
5733
5700
5761
5760
5699
5652
5580
5581
5507
5506
5582
5508
5505
5579
5578
5577
5576
5502
5503
5504
5501
5500
5574
5575
5647
5694
5754
5755
5756
5757
5758
5732
5697
5650
5649
5696
5695
5648
5651
5698
5759
5785
5866
6037
6088
6085
6115
6084
6083
6034
6139
6140
5804
5803
5802
5801
5800
5799
5753
5752
5751
5750
5689
5642
5643
5690
5691
5644
5618
5611
5571
5570
5569
5568
5567
5496
5497
5498
5572
5612
5619
5645
5692
5693
5646
5573
5499
5731
5566
5495
5133
5132
5012
5011
4879
4878
4877
4876
4875
4874
4788
4747
4717
4661
4334
4333
4332
4331
4330
4465
4335
4336
4337
4338
4339
4340
4341
4342
4343
4344
4346
4281
4282
4265
4248
4219
4048
4049
4050
4051
4052
4220
4221
4222
4223
4054
4055
4057
4058
4059
4060
4061
4062
4063
4064
4066
4067
4068
4069
4226
4225
4227
4228
4070
4071
4072
4073
4074
4076
4077
4078
4079
4080
4081
4083
4084
4085
4229
4087
4088
4089
4090
4091
4092
4093
4094
4096
4097
4098
4099
3909
3908
3910
3911
3871
3830
3799
3831
3728
3729
3607
3608
3609
3610
3611
3612
3614
3615
3616
3617
3618
3619
3621
3622
3623
3624
3625
3626
3628
3629
3630
3631
3732
3774
3802
3836
3857
3835
3996
3997
3998
3999
4000
4001
4002
3873
3872
3923
3921
3920
3995
3834
3833
3801
3773
3772
3800
3832
3730
3731
3918
3917
3915
3914
3913
3912
3605
3604
3603
3602
3601
3600
3599
3598
3597
3596
3595
3594
3593
3591
3590
3589
3588
3587
3586
3585
3584
3583
3722
3721
3793
3824
3856
3867
3868
3899
3900
3901
3902
3826
3795
3769
3724
3903
3904
3905
3906
3907
3828
3797
3770
3771
3798
3829
3725
3727
3363
3364
3332
3334
3366
3367
3335
3336
3368
3289
3290
3288
3015
3016
3017
2933
2862
2891
2908
2934
2863
2655
2635
2656
2657
2637
2638
2658
2375
2374
2373
2372
2214
2213
2215
2216
2092
2057
2034
2008
1785
1786
1787
1788
1789
1790
1683
1648
1627
1598
1539
1540
1541
1542
1543
1544
1545
1546
1599
1628
1649
1684
1685
1548
1549
1380
1316
1315
1314
1279
1278
1236
1206
1176
1177
1178
1179
1124
993
888
962
961
960
959
958
957
887
847
820
819
846
886
885
845
818
800
715
716
717
718
719
720
721
722
723
724
725
726
727
728
620
619
618
617
616
615
614
613
575
574
573
572
571
570
569
543
506
425
347
348
349
350
351
352
353
354
355
434
444
472
507
515
473
445
435
508
426
427
436
446
474
509
475
447
437
510
511
512
429
358
359
220
213
209
162
163
56
55
54
57
53
138
137
136
52
51
50
135
134
133
161
49
48
132
131
47
46
130
45
129
43
42
128
160
40
127
39
38
126
37
36
124
35
123
34
159
175
197
196
33
32
121
120
119
30
118
117
116
115
114
113
112
111
110
109
108
107
27
28
158
166
173
194
254
255
256
257
258
259
260
261
262
195
174
29
26
25
24
23
22
103
102
21
20
157
192
191
171
223
250
249
217
248
247
246
245
244
243
241
240
239
238
216
188
154
90
91
92
93
94
95
96
17
97
18
98
99
19
100
156
155
170
189
190
16
14
301
302
451
481
595
650
649
769
768
767
648
647
646
645
644
643
642
766
765
764
763
641
823
851
852
890
853
824
895
925
933
934
935
936
896
897
855
826
808
825
854
857
898
937
980
981
982
983
984
985
986
987
988
860
829
811
807
812
861
813
862
863
830
831
864
865
832
892
904
903
902
901
900
899
773
774
775
776
777
778
661
660
659
599
598
597
523
522
521
520
519
484
485
453
454
486
487
455
438
430
399
398
397
308
309
396
395
307
306
394
393
483
517
518
559
560
513
514
456
439
431
488
400
401
432
440
457
489
458
441
433
490
491
459
460
492
493
461
494
528
527
526
525
524
607
606
605
604
603
602
601
600
658
657
656
655
654
653
772
806
810
828
859
771
805
809
827
858
891
652
651
770
556
555
554
553
296
295
297
298
299
294
450
480
479
449
478
392
293
291
184
544
893
894
1015
1013
1149
1150
1151
1016
1017
1018
1019
1020
1021
1022
1023
1024
1025
1026
1027
1028
1029
1153
1182
1191
1217
1255
1289
1254
1216
1190
1154
1183
1192
1218
1256
1257
1219
1193
1155
1034
1033
1032
1031
1030
1035
1156
1157
1158
1159
1037
1036
1160
1039
1040
1041
1042
1043
1161
1162
1044
1045
1046
1047
1049
1050
1051
1163
1052
1053
1054
1055
1056
1057
1058
1059
1060
1061
1062
1063
1064
1065
1066
1067
1068
1069
1071
1072
1073
1074
1075
1076
1077
1078
1079
1080
1081
1166
1184
1199
1228
1267
1292
1266
1227
1198
1167
1185
1200
1229
1268
1293
1269
1308
1408
1407
1406
1405
1404
1358
1357
1356
1355
1354
1353
1352
1351
1350
1349
1348
1347
1346
1345
1344
1264
1225
1197
1165
1164
1196
1224
1263
1307
1291
1262
1223
1195
1261
1260
1222
1194
1306
1335
1336
1290
1305
1304
1303
1302
1258
1220
1221
1259
1334
1333
1396
1395
1394
1393
1392
1332
1331
1330
1329
1328
1327
1252
1215
1189
1152
1251
1250
1214
1213
1249
1248
1212
1299
1300
1301
1298
1297
1247
1211
1210
1188
1181
1246
1288
1245
1209
1208
1187
1244
1296
1390
1391
1576
1612
1617
1636
1665
1700
1664
1635
1616
1738
1737
1736
1735
1734
1733
1732
1731
1730
1729
1728
1727
1831
2040
2070
2458
2472
2504
2541
2116
1666
1667
1637
1618
1579
1619
1638
1668
1580
1620
1639
1669
1581
1640
1670
1674
1675
1676
1642
1623
1588
1589
1490
1491
1492
1493
1494
1495
1496
1497
1498
1499
1500
1501
1591
1613
1625
1645
1679
1703
1678
1644
1624
1809
1808
1807
1767
1766
1712
1677
1643
1590
1592
1614
1626
1646
1680
1768
1769
1770
1771
1814
1813
1812
1811
1810
1502
1503
1504
1505
1506
1508
1509
1510
1595
1594
1593
1647
1681
1713
1714
1715
1716
1717
1773
1774
1775
1777
1816
1778
1779
1817
1780
1781
1782
1818
1783
1784
1819
1530
1529
1531
1528
1527
1573
1526
1525
1524
1523
1522
1521
1520
1519
1518
1572
1517
1516
1514
1513
1512
1511
1597
1596
1682
1815
2089
2090
2205
2245
2206
2207
2246
2208
2209
2210
2247
2211
2212
2248
2371
2408
2370
2368
2367
2366
2465
2530
2379
2380
2381
2382
2256
2254
2252
2251
2250
2249
2409
2410
2445
2454
2225
2132
2096
2013
1957
1955
1954
1953
1820
1821
1822
1958
2097
1537
1536
1535
1534
1533
1532
1416
1377
1378
1379
1280
1123
1122
1121
1120
1119
1118
1117
1116
1115
1114
1113
1173
1174
1186
1204
1235
1277
1205
1175
1234
1276
1275
1311
1312
1313
1415
1376
1375
1374
1373
1372
1371
1370
1369
1414
1413
1412
1411
1368
1367
1366
1309
1410
1409
1365
1364
1363
1362
1271
1270
1230
1201
1169
1089
1088
1087
1086
1085
1084
1083
1082
1168
944
943
873
837
816
785
686
687
688
689
690
786
787
788
789
790
791
694
692
691
839
876
877
840
841
878
879
842
843
880
919
918
917
916
915
914
913
912
911
910
909
947
946
945
874
685
684
683
682
681
680
679
678
677
676
675
673
672
671
670
669
668
667
666
781
782
783
835
870
869
834
868
907
908
939
940
941
942
871
836
814
784
609
610
611
612
546
496
463
328
327
325
324
323
322
320
319
318
316
315
408
407
406
405
404
403
312
313
314
442
462
495
409
564
562
665
664
780
663
662
779
866
905
867
833
906
938
990
991
992
815
872
565
566
497
464
443
410
332
333
334
335
412
411
413
414
415
337
336
338
339
340
418
417
416
468
501
534
535
536
537
538
539
540
541
542
503
470
469
502
419
420
421
422
423
424
343
342
341
265
218
202
200
178
224
199
177
176
198
329
330
331
465
498
499
466
467
500
531
530
529
532
533
695
792
793
794
795
697
696
698
699
700
701
702
703
704
705
706
707
708
709
710
797
711
712
798
799
713
714
817
844
884
883
920
882
881
956
955
954
953
952
951
950
949
948
1100
1099
1098
1097
1171
1096
1095
1094
1093
1092
1091
1090
1170
1202
1231
1272
1294
1295
1274
1233
1203
1172
1102
1103
1104
1105
1106
1107
1108
1109
1110
1111
1112
1310
1361
1360
1359
796
504
505
471
547
345
277
225
204
179
180
205
226
227
206
181
212
219
266
267
228
207
182
268
269
208
183
428
622
621
623
731
759
1282
802
801
203
402
253
252
193
172
105
305
304
452
482
545
558
1012
1011
1147
1146
1148
1010
1009
1008
1007
1005
1144
1145
1389
928
977
976
2845
2884
2899
2919
3121
3122
3123
3124
3308
3388
3445
3444
3443
3536
3537
3309
3278
3767
3792
3823
3894
3893
3892
3891
3890
3889
3888
3887
4224
4252
4268
4284
4316
4315
4314
4313
4350
4349
4348
4266
4249
4250
4267
4251
4283
4047
4045
4043
4042
4041
4040
4039
4038
4036
4035
4034
4033
4032
4031
4030
4029
4028
4027
4026
4025
4024
4023
4022
4021
4020
4247
4264
4280
4218
4504
4505
4506
4880
4881
4882
4883
4884
4885
4886
5428
5427
5426
5425
5424
4835
3425
3393
3352
3426
3427
3428
3429
3532
3435
3865
3866
3895
3896
3897
3898
4256
4272
4291
4306
4232
3924
3925
3733
3633
3634
3635
3775
3804
3839
3858
3737
3776
3805
3840
3859
3738
4237
4258
4274
4295
4308
4324
4174
4175
4176
4177
4178
4179
4180
5458
5457
5383
5382
5381
6884
7057
7358
7357
7356
7355
7354
7425
7424
7530
7529
7423
7422
7421
7528
7647
7623
7660
8125
8126
8160
8161
8127
8128
8090
8026
7973
7949
8027
7974
8028
7975
7920
7829
7831
7832
8263
8264
8319
8265
8266
8267
8268
8269
8270
8533
8591
8608
8590
8589
8607
8588
8531
8364
8167
8168
8721
8720
8719
8717
8716
8715
8714
8713
8712
8711
8710
8709
8816
8817
8818
8819
8820
8821
8822
9108
9109
9193
9215
9216
9217
9194
9195
9218
9166
9153
9154
9157
9167
9148
9117
9118
9119
9120
9121
9149
9122
9000
8975
8990
8829
8750
8751
8595
8573
8542
8376
8291
9647
9709
9779
9720
9719
9708
9707
9778
9819
9777
9776
9818
9775
9774
9773
9817
9771
9770
9816
9769
9768
9767
9815
9766
9765
9814
9763
9718
9711
9706
9692
9693
9616
9617
9682
9619
9620
9621
9622
9623
9624
9625
9626
9627
9683
9628
9629
9630
9631
9632
9634
9635
9636
9638
9684
9639
9640
9641
9642
9643
9644
9694
9695
9645
9821
9950
9949
9948
9947
9946
9945
9944
9981
9943
9942
9941
9939
9938
9937
9936
9934
9933
9980
9932
9931
9930
9929
9928
9927
9926
9925
9924
9979
9923
9922
9920
9919
9918
9917
9916
9915
9914
9978
9913
9912
9993
9992
9910
9909
9908
9907
9906
9905
9904
9977
9903
9902
9901
9900
9899
9898
9897
9896
9895
9976
9894
9893
9891
9890
9889
9888
9886
9885
9884
9975
9883
9882
9880
9879
9878
9877
9876
9875
9974
9874
9873
9872
9871
9869
9868
9991
9990
9989
9988
9987
9866
9865
9864
9863
9862
9861
9860
9859
9972
9858
9857
9856
9855
9854
9853
9852
9850
9849
9971
9848
9847
9845
9844
9843
9842
9841
9840
9839
9970
9838
9837
9836
9835
9834
9833
9832
9831
9830
9969
9829
9828
9986
9985
9996
9968
9793
9792
9794
9795
9721
9796
9722
9723
9797
9724
9725
9727
9798
9728
9729
9799
9730
9731
9732
9800
9733
9734
9801
9735
9736
9737
9803
9738
9739
9804
9740
9742
9715
9716
9701
9698
9702
9700
9689
9690
9573
9574
9575
9576
9577
9578
9678
9579
9580
9581
9582
9583
9585
9586
9588
9589
9679
9590
9591
9593
9594
9595
9596
9597
9598
9680
9599
9600
9601
9602
9603
9604
9605
9606
9607
9681
9608
9609
9610
9611
9613
9614
9615
9407
9691
9699
9705
9704
9756
9811
9755
9754
9810
9753
9752
9809
9751
9750
9808
9749
9748
9747
9806
9745
9744
9805
9743
10002
10001
10009
10000
9998
10013
10039
10038
10105
10037
10036
10104
10035
10034
10033
10103
10032
10031
10102
10030
10028
10027
10101
10026
10025
10100
10024
10023
10022
10099
10021
10020
10098
10019
10129
10128
10008
9999
10006
10097
10096
10095
10127
10094
10093
10126
10092
10091
10090
10125
10089
10088
10124
10079
10071
10065
10110
10049
10042
10106
10029
10012
10018
10007
10010
10011
9997
9827
9713
9710
9712
9714
9726
9802
9741
9746
9807
9760
9764
9772
9820
9780
9781
9822
9782
9783
9784
9823
9785
9786
9824
9787
9788
9789
9825
9790
9791
9826
9967
9966
9965
9964
9963
9962
9961
9960
9983
9959
9958
9957
9956
9955
9954
9953
9952
9951
9982
9940
9935
9921
9911
9892
9887
9881
9870
9867
9973
9851
9846
9984
9995
9696
9688
9542
9548
9676
9566
9571
9584
9587
9592
9612
9618
9633
9637
9685
9646
9648
9649
9650
9651
9652
9653
9654
9655
9686
9656
9657
9658
9659
9660
9661
9662
9663
9664
9687
9665
9666
9667
9668
9669
9670
9671
9672
9532
9533
9534
9673
9535
9536
9537
9538
9539
9540
9541
9543
9544
9674
9545
9546
9547
9549
9550
9551
9552
9553
9554
9675
9555
9556
9557
9558
9559
9560
9561
9562
9563
9677
9564
9565
9567
9568
9569
9570
9572
9441
9439
9507
9438
9437
9506
9436
9435
9434
9504
9433
9432
9503
9431
9430
9429
9502
9428
9427
9501
9426
9424
9423
9500
9422
9421
9499
9420
9414
9405
9391
9227
9226
9373
9372
9371
9370
9369
9368
9367
9389
9366
9365
9364
9363
9362
9361
9360
9359
9358
9388
9357
9356
9355
9354
9353
9352
9351
9350
9347
9386
9332
9327
9314
9307
9285
9279
9274
9266
9261
9377
9243
9237
9398
9397
9390
9410
9418
9419
9425
9505
9440
9445
9510
9462
9467
9474
9525
9485
9486
9526
9487
9488
9489
9527
9490
9491
9528
9492
9493
9494
9529
9495
9496
9530
9497
9498
9411
9228
9229
9374
9230
9231
9232
9233
9234
9235
9236
9238
9239
9375
9240
9241
9242
9244
9245
9246
9247
9248
9249
9376
9250
9251
9252
9253
9254
9255
9256
9257
9258
9378
9259
9260
9262
9263
9264
9265
9267
9207
9181
9180
9206
9179
9160
9151
9078
9079
9138
9080
9081
9082
9083
9084
9085
9086
9087
9088
9139
9089
9090
9091
9092
9093
9094
9095
9055
9021
9023
9056
9020
9054
9019
9161
9188
9187
9209
9186
9185
9208
9184
9183
9182
9415
9416
9442
10016
10017
10040
10041
10043
10044
10045
10107
10046
10047
10108
10048
10003
10050
10109
10051
10052
10111
10053
10054
10055
10112
10056
10057
10113
10058
10059
10060
10114
10061
10062
10115
10063
10064
10004
10066
10116
10067
10068
10117
10069
10070
10072
10118
10073
10074
10119
10144
10075
10076
10077
10120
10078
10080
10121
10081
10082
10083
10122
10084
10085
10123
10086
10087
10005
9994
10146
10145
10143
10142
10141
10140
10139
10138
10137
10136
10134
10015
10014
10133
10132
10131
10130
10149
10148
10147
10135
9697
9531
9413
9225
9170
9168
9158
9150
9144
9066
8838
9018
9053
9022
9024
9057
9031
9034
9040
9064
9041
9042
9065
9043
9044
9001
8976
8920
8921
8876
8977
8978
8922
8923
8979
8980
8924
8877
8878
8925
8981
8982
8926
8927
8879
8983
9004
9045
9046
9006
8984
8928
8929
8880
8985
8986
8930
8840
8841
8839
8837
8836
8835
8834
8833
8832
8831
8830
9002
9003
9129
9128
9127
9126
9142
9125
9124
9123
9107
9106
9192
9214
9220
9221
9197
9198
9222
9169
9155
9130
9131
9143
9132
9133
9134
9135
9136
9067
9068
9159
9175
9174
9224
9201
9200
9223
9199
9047
9048
9007
8987
9069
9070
9071
9072
9073
9137
9074
9075
9076
9077
9178
9205
9177
9204
9203
9176
9202
8575
8574
8378
8377
8138
8137
8101
7933
7934
7985
8040
8102
8103
8041
7986
7712
7713
7736
7711
7710
7735
7707
7631
7595
7569
7568
7592
7628
7539
7540
7321
7317
7328
7365
7329
7330
7366
7331
7332
7352
7311
7310
7341
7305
7395
7503
7546
7634
7558
7367
7269
6807
6798
6759
6657
7778
7788
7798
7807
7815
7821
7830
7839
7848
7856
7926
7921
7912
7910
7969
8019
8081
8078
8018
8024
7972
8088
8092
8030
7977
8036
8098
8141
8124
8154
8149
7950
8435
7504
7513
7514
7578
7608
6960
6936
6961
6962
7125
7011
7012
7013
7014
7015
7016
7017
7018
7019
7126
7021
7022
7023
7024
7025
7027
7028
6935
8861
8900
8953
8954
8901
8862
9703
9717
9757
9812
9758
9759
9813
9761
9762
