8919
8854
8855
8802
8803
8755
8700
8652
8651
8699
8649
8698
8648
8622
8750
8615
8503
8498
8494
8491
8485
8473
8452
8443
8434
8427
8420
8410
8401
8394
8384
8374
8569
8571
8573
8574
8578
8590
8169
8174
8178
8185
8188
8189
8136
8087
8044
8007
8005
7999
7992
7987
7850
7846
7839
7831
7819
7815
7810
7807
7798
7961
7962
7968
8013
8028
8062
8107
8101
8053
8024
8023
8051
8097
8096
8050
8022
8012
7958
7774
7770
7761
7756
7750
7746
7745
7740
7952
7953
8017
8045
8090
8143
8266
8336
8620
8561
8342
8564
8704
8703
8655
8770
8806
8769
8654
8935
9228
9148
9149
9152
8961
8941
9256
9309
9311
9316
9260
9384
9383
9443
9381
9583
9697
9585
9586
9588
9589
9590
9593
9596
9598
9601
9605
9616
9618
9641
9477
9423
9428
9431
9434
9380
9366
9306
9255
9219
9214
9207
9201
9042
9026
9025
9288
9348
9358
9298
9059
9220
9221
9225
9226
9227
9126
9127
9128
9129
9130
9147
9131
9132
9133
9134
9135
9136
9137
9138
8936
9139
8937
8938
8939
8940
8942
8943
8944
8945
8946
9140
8947
8948
8949
8950
8951
8952
8813
8814
8771
8815
8816
8817
8887
8888
8889
8818
8819
8890
8820
8821
8772
8773
8774
8891
8892
8893
8822
8823
8824
8825
8894
8895
8826
8827
8775
8828
8829
8896
8897
8830
8831
8776
8832
8898
8833
8834
8899
8835
8663
8398
8397
8396
8395
8393
8392
8556
8391
8390
8389
8388
8387
8386
8385
8383
8382
8381
8380
8379
8378
8377
8376
8375
8373
8372
8371
8370
8369
8368
8367
8366
8365
8364
8363
8362
8361
8360
8359
8358
8357
8356
8565
8355
8354
8563
8353
8562
8352
8351
8350
8349
8348
8347
8346
8555
8345
8344
8273
8193
8192
8343
8341
8340
8339
8338
8337
8554
8553
8552
8551
8550
8549
8548
8547
8546
8560
8545
8544
8543
8542
8541
8540
8539
8538
8536
8527
8515
8509
8616
8617
8618
8623
8653
8701
8757
8758
8702
8619
8805
8804
8877
8878
8933
8879
8880
8934
8881
8759
8882
8883
8807
8808
8884
8809
8810
8885
8811
8812
8886
8705
8706
8707
8956
8955
8954
8953
9310
9451
9522
9450
9449
9521
9448
9447
9446
9520
9445
9444
9519
9518
9517
9516
9582
9515
9514
9581
9513
9512
9442
9441
9372
9308
9440
9578
9577
9573
9569
9565
9561
9557
9554
9435
9436
9579
9580
8333
8334
8268
8269
8142
7940
7939
7938
7937
7927
7923
7917
7912
7903
7893
8008
8009
8010
8011
8089
8140
8190
8132
8083
8075
8124
8114
8066
8032
8014
7856
7874
7636
7634
7573
7531
7511
7461
7318
7320
7322
7330
7336
7357
7362
7368
7373
7390
7396
7400
7224
7222
7220
7218
7217
7214
7211
7105
7061
7044
6998
6961
6997
7042
7035
6991
6987
6953
7027
7026
6986
6985
7024
7022
6984
6983
7021
6951
6981
6946
6975
6944
6865
6932
6936
7066
7122
7068
7077
7082
7083
7084
7085
7088
7096
7154
7160
7106
7062
7045
6999
6962
6937
6913
6912
6783
6774
6767
6763
6752
6743
6741
6732
6724
6721
6716
6883
6884
6885
6888
6892
6901
6791
6661
6663
6667
6604
6605
6612
6613
6669
6670
6671
6614
6615
6616
6617
6672
6673
6674
6618
6619
6620
6539
6489
6540
6541
6490
6491
6492
6433
6392
6434
6435
6393
6394
6369
6436
6493
6684
6683
6682
6681
6680
6679
6678
6677
6676
6859
6675
6858
6857
6856
6855
6854
6853
6852
6851
6850
6849
6848
6847
6846
6845
6844
6931
6940
6968
7009
7056
7123
7057
7010
6969
6941
7124
7186
7187
7188
7189
7190
7191
7192
7126
7127
7193
7236
7235
7237
7234
7233
7431
7232
7430
7429
7428
7427
7426
7425
7424
7423
7441
7422
7421
7420
7419
7418
7417
7416
7415
7414
7413
7227
7226
7225
7120
7065
7054
7007
6966
7006
7053
7050
7002
6965
6939
6919
6928
6929
6843
6930
6967
7008
7055
7121
7229
7230
7231
7228
7488
7489
7520
7548
7547
7519
7594
7595
7681
7735
7682
7683
7736
7684
7685
7686
7687
7596
7597
7688
7598
7599
7741
7742
7743
7744
7600
7560
7549
7490
7240
7241
7242
7432
7244
7245
7246
7247
7249
7251
7443
7444
7522
7521
7503
7561
7550
7445
7446
7252
7447
7448
7254
7255
7433
7256
7257
7258
7259
7260
7261
7194
7135
7195
7262
7450
7451
7452
7264
7265
7434
7266
7267
7268
7269
7270
7507
7492
7272
7273
7274
7435
7275
7276
7277
7278
7279
7281
7282
7283
7284
7436
7285
7286
7287
7288
7289
7291
7292
7293
7294
7437
7295
7296
7297
7298
7300
7301
7302
7303
7304
7438
7305
7306
7307
7308
7309
7310
7202
7146
7147
7203
7148
7028
7029
7060
7089
7090
7030
6988
6891
6890
6742
6744
6893
6894
6895
6745
6746
6747
6896
6897
6898
6899
6900
6751
6750
6749
6748
6650
6578
6579
6580
6581
6652
6653
6654
6582
6583
6584
6585
6655
6656
6657
6586
6587
6658
6588
6589
6488
6519
6520
6522
6466
6381
6415
6380
6414
6379
6341
6343
6344
6215
6216
6217
6218
6219
6220
6301
6221
6222
6223
6224
6225
6226
6069
5988
6228
6229
6302
6230
6231
6233
6234
6235
6236
6237
6238
6303
6239
6240
6241
6242
6243
6245
6246
6247
6248
6249
6250
6251
6253
6254
6255
6349
6348
6347
6385
6420
6384
6367
6383
6419
6382
6366
6470
6524
6471
6525
6526
6527
6528
6472
6422
6421
6346
6418
6603
6666
6602
6601
6665
6600
6599
6664
6598
6597
6662
6596
6595
6660
6594
6593
6659
6592
6591
6590
6785
6784
6782
6781
6780
6779
6778
6777
6776
6775
6773
6772
6771
6770
6769
6768
6766
6906
6905
6904
6765
6764
6762
6761
6760
6902
6903
6956
6992
7037
7153
7152
7205
7151
7150
7149
7095
7094
7093
7092
7034
6990
6955
6989
6954
6934
7033
7091
7032
7031
7204
7317
7316
7315
7314
7313
7457
7493
7496
7509
7529
7530
7510
7497
7494
7458
7459
7460
7462
7463
7464
7498
7512
7535
7556
7575
7574
7534
7533
7532
7572
7571
7570
7569
7568
7567
7554
7455
7456
7454
7553
7566
7828
7829
7830
7832
7833
7834
7835
7836
7837
7838
7840
7841
7842
7843
7844
7845
7847
7848
7849
7982
7981
7980
7979
8033
8067
8115
8116
8068
8069
8034
8117
8118
8070
8119
8120
8071
8035
7984
7983
7851
7852
7853
7854
7986
7988
7989
8015
8037
8074
8123
8150
8176
8175
8122
8073
8072
8036
8121
7985
7855
7708
7709
7710
7711
7576
7577
7578
7557
7538
7515
7499
7514
7537
7536
7513
7466
7467
7321
7319
7465
7468
7469
7470
7471
7472
7326
7325
7324
7323
7516
7539
7580
7581
7582
7583
7584
7635
7541
7517
7500
7474
7328
7329
7331
7332
7333
7334
7335
7337
7338
7339
7340
7341
7342
7343
7484
7483
7482
7481
7480
7479
7478
7477
7476
7475
7327
7473
7540
7715
7714
7713
7712
7579
7857
7858
7859
7860
7996
7995
7994
7993
7991
8039
8077
8126
8151
8125
8076
8038
8016
7990
8177
8315
8316
8317
8314
8313
8312
8311
8310
8309
8461
8460
8459
8458
8457
8456
8455
8454
8453
8451
8450
8592
8593
8594
8621
8638
8680
8731
8730
8679
8637
8636
8678
8729
8766
8728
8677
8676
8635
8727
8726
8675
8634
8674
8725
8724
8673
8633
8632
8672
8723
8722
8671
8631
8630
8670
8721
8764
8783
8912
8911
8782
8781
8910
8909
8908
8907
8780
8762
8718
8667
8628
8668
8719
8720
8669
8629
8763
8581
8580
8435
8436
8582
8437
8438
8439
8440
8441
8442
8585
8584
8583
8765
8785
8786
8916
8915
9023
9024
9187
9186
9185
9022
9021
9184
9183
9020
9019
9018
9017
9016
9015
9014
9181
9180
9179
9178
9177
9012
9011
9010
9009
9008
9007
9006
9005
9004
9003
9002
9001
9000
8999
8998
8997
8996
8995
8994
9143
8993
8992
8991
8990
8989
8988
8987
8986
8985
9142
8984
8983
8982
8981
8980
8979
8978
8977
8976
9141
8975
8974
8973
8972
9170
9169
9168
8971
8970
8969
8968
8967
8966
9167
9166
9165
9164
8965
8964
9163
9162
9161
9160
9159
9158
8960
8962
8963
9265
9321
9320
9264
9263
9319
9387
9388
9389
9390
9391
9392
9393
9394
9395
9396
9455
9537
9326
9269
9238
9327
9375
9328
9397
9456
9538
9457
9458
9539
9459
9460
9461
9540
9462
9463
9541
9464
9465
9466
9542
9467
9468
9543
9469
9470
9398
9399
9400
9401
9402
9471
9472
9473
9330
9271
9239
9176
9272
9331
9332
9273
9274
9333
9334
9275
9240
9233
9276
9335
9408
9407
9406
9405
9404
9403
9621
9620
9619
9617
9615
9614
9613
9612
9611
9610
9609
9608
9607
9606
9604
9603
9602
9600
9599
9597
9595
9594
9592
9591
9454
9536
9535
9386
9385
9317
9261
9262
9237
9232
9318
9374
9156
9155
9154
8957
8958
9157
8959
9266
9322
9323
9267
9324
9325
9268
8711
8660
8570
8286
8287
8288
8289
8290
8291
8292
8293
8209
8210
8211
8294
8212
8213
8296
8214
8215
8216
8298
8217
8218
8299
8219
8220
8221
8300
8222
8223
8301
8224
8225
8159
8098
8052
8099
8100
8160
8161
8226
8302
8423
8424
8425
8576
8426
8428
8429
8430
8431
8577
8432
8579
8433
8308
8307
8166
8108
8059
8029
8060
8109
8110
8061
8030
8031
8063
8111
8112
8064
7977
7976
7826
7825
7824
7823
7822
7821
7820
7972
7973
7974
7975
7827
7632
7707
7631
7630
7706
7629
7628
7627
7705
7625
7624
7704
7623
7622
7621
7703
7619
7618
7702
7617
7616
7615
7700
7614
7613
7699
7612
7792
7791
7945
7790
7789
7788
7787
7786
7785
7784
7783
7782
7944
7781
7780
7778
7777
7776
7775
7960
7959
7957
8021
8049
8095
8145
8156
8285
8284
8283
8282
8281
8280
8154
8153
8093
8047
8048
8020
8094
8144
8155
7956
7955
7954
7772
7771
7769
7768
7767
7766
7765
7764
7763
7762
7760
7759
7758
7757
7755
7754
7753
7752
7751
7749
7748
7747
7603
7690
7601
7689
8018
8091
8194
8195
8197
8198
8274
8275
8200
8201
8276
8203
8204
8277
8278
8279
8205
8206
8207
8208
8568
8567
8566
8657
8708
8709
8658
9153
9231
9236
9259
9315
9532
9531
9530
9529
9528
9527
9526
9525
9373
9313
9257
9234
9229
9150
9151
9230
9235
9258
9314
9312
9453
9452
9524
9523
9587
9533
9534
9584
8656
8272
8271
8270
8335
7941
7942
7737
7738
7739
7943
7238
7239
7129
7128
7130
7131
7067
7069
7012
6971
6972
6942
7013
7014
6973
6943
6868
6691
6692
6690
6689
6688
6866
6867
6864
6687
6686
6685
6970
7011
6621
6494
6495
6496
6439
6397
6396
6370
6364
6395
6437
6438
6440
6398
6371
6441
6442
6399
6400
6372
6443
6444
6401
6373
6316
6109
6110
6111
6112
6317
6108
6107
6314
6313
6312
6106
6105
6104
6103
6102
6101
6310
6311
6315
6499
6498
6497
6869
6933
7070
7071
7072
7058
7015
6974
6871
6693
6870
6872
6694
6695
6696
6873
6874
6875
6876
6877
6698
6697
6699
6700
6701
6702
6703
6879
6947
6978
7019
7018
6945
6977
7017
7016
6976
7075
7076
7078
7079
7074
7059
7133
7132
7073
6543
6500
6501
6544
6502
6446
6402
6403
6374
6447
6448
6449
6404
6450
6504
6503
6322
6321
6117
6116
6115
6114
6113
6319
6318
6445
6320
6118
6323
6120
6121
6324
6325
6326
6122
6123
6124
6125
6126
6127
6128
6129
6130
6131
6132
6330
6332
6133
6134
6297
6136
6137
6138
6139
6140
6042
6041
6040
6039
5910
5888
5849
5801
5764
5800
5848
5847
5799
5763
5798
5846
5845
5797
5762
5694
5695
5532
5531
5530
5529
5528
5527
5526
5525
5524
5691
5690
5689
5688
5523
5522
5521
5520
5519
5518
5517
5686
5516
5685
5759
5793
5841
5886
5840
5792
5758
5741
5684
5740
5757
5791
5839
5683
5682
5739
5756
5790
5838
5885
5902
6016
6017
6018
6019
6020
6022
6023
6024
6025
6026
6027
6028
6029
6030
6031
6032
5904
5953
5954
5955
5956
6034
6035
5906
5907
5908
5844
5796
5761
5795
5843
5842
5794
5760
5887
5903
6327
6328
6329
6407
6455
6454
6406
6405
6453
6508
6509
6510
6623
6624
6625
6545
6546
6547
6548
6626
6627
6511
6483
6482
6457
6408
6375
6512
6549
6628
6550
6629
6551
6711
6712
6552
6630
6553
6554
6631
6555
6556
6557
6632
6558
6559
6633
6560
6561
6562
6635
6563
6564
6637
6565
6566
6516
6517
6567
6461
6336
6337
6169
6170
6168
6167
6166
6165
6164
6163
6162
6300
6161
6160
6159
6158
6157
6156
6155
6153
6152
6299
6151
6150
6149
6148
6147
6146
6145
6144
6143
6298
6142
6141
6044
5959
5960
6045
5961
5962
5963
6047
5964
5965
6048
5966
5967
5968
5851
5803
5766
5701
5560
5559
5558
5557
5556
5555
5554
5553
5552
5551
5550
5668
5549
5548
5547
5546
5545
5544
5543
5542
5541
5667
5540
5539
5538
5699
5698
5537
5536
5535
5534
5533
5696
5697
5765
5802
5850
5889
5911
5912
5957
5958
6410
6713
6714
6715
6861
6717
6718
6719
6720
7139
7199
7138
7198
7197
7137
7196
7020
6982
7136
6710
6709
6708
6707
6706
6860
6705
6704
6881
6880
6949
6979
6948
6980
6950
7081
7080
7134
7525
7526
7505
7527
7563
7564
7609
7696
7610
7697
7611
7793
7794
7795
7796
7797
7799
7800
7946
7801
7802
7803
7804
7805
7806
7808
7809
7963
7964
7965
7966
7811
7812
7813
7814
7967
8025
8055
8103
8147
8102
8054
8162
8303
8304
8305
8306
8164
8165
8149
8106
8058
8027
8057
8105
8104
8056
8026
8148
8163
7969
7816
7970
7971
7817
7818
8167
8168
8227
8228
8229
8230
8231
8232
8233
8170
8234
8235
8171
8172
8173
8449
8448
8447
8446
8445
8444
8587
8586
8588
8589
8591
8787
8788
9029
9028
9027
9190
9191
9192
9031
9030
9032
9033
9034
9035
9036
9037
9195
9194
9246
9285
9345
9344
9284
9245
9283
9343
9417
9416
9549
9548
9547
9546
9545
9544
9415
9377
9339
9279
9241
9188
9189
9242
9280
9340
9341
9281
9243
9378
9342
9282
9244
9193
9247
9286
9346
9379
9347
9287
9196
9197
9198
9199
9040
9039
9038
8917
8918
8792
8793
8794
8795
8850
8851
8768
8796
8797
8798
8740
8689
8690
8643
8741
8742
8691
8607
8608
8475
8474
8472
8471
8606
8605
8470
8604
8469
8468
8603
8602
8601
8600
8466
8467
8465
8464
8463
8462
8598
8597
8596
8595
8681
8732
8733
8682
8683
8639
8734
8735
8684
8640
8641
8685
8736
8737
8686
8642
8767
8738
8687
8599
8791
8790
8789
9041
9200
9202
9043
9044
9203
9204
9045
9046
9047
9048
9049
9208
9206
9205
9248
9294
9354
9353
9293
9292
9352
9426
9427
9429
9355
9295
9296
9249
9356
9357
9297
9299
9250
9359
9360
9300
9251
9252
9301
9361
9362
9302
9303
9253
9363
9364
9304
9305
9254
9365
9433
9432
9215
9213
9058
9057
9056
9055
9054
9053
9052
9051
9050
9209
9210
9211
9212
9060
9061
9062
9063
9064
9065
9218
9217
9216
9066
9067
9144
9068
9069
9070
9071
9072
9073
9074
9075
9076
9145
9077
9078
9079
9080
9081
9082
9083
9084
9085
9146
9086
9087
9088
9089
9090
9091
9092
9093
9094
9095
9096
9097
9098
9099
9100
9101
9102
9103
9104
9105
9106
9107
9108
9109
9110
9111
9112
9113
9114
9115
9116
9117
9118
9119
9120
9121
9122
9123
9124
9125
9223
9224
9382
9371
9511
9510
9576
9575
9574
9509
9508
9572
9507
9571
9506
9505
9437
9369
9307
9370
9222
8930
8870
8869
8929
8868
8867
8928
8866
8927
8865
8864
8926
8863
8862
8925
8861
8924
8860
8859
8752
8751
8650
8504
8505
8506
8507
8508
8510
8511
8512
8513
8514
8516
8517
8518
8519
8520
8521
8522
8523
8524
8525
8526
8528
8529
8530
8531
8532
8533
8534
8535
8537
8332
8267
8265
8331
8264
8330
8263
8262
8329
8261
8328
8260
8259
8327
8258
8326
7918
7919
7920
7921
7922
7951
7924
7925
7926
7928
7929
7930
7932
7933
7934
7935
7936
7676
7675
7674
7673
7672
7671
7670
7669
7668
7667
7734
7666
7665
7733
7664
7732
7663
7662
7731
7661
7660
7730
7659
7729
7658
7657
7656
7655
7654
7653
7652
7728
7727
7651
7650
7725
7724
7649
7648
7722
7647
7646
7721
7645
7644
7643
7719
7642
7641
7718
7640
7639
7638
7637
7717
7716
7592
7558
7591
7590
7589
7588
7587
7586
7585
7542
7518
7868
7867
7866
7865
7864
7863
7862
7861
7998
7997
8079
8128
8184
8183
8152
8182
8181
8180
8179
8127
8078
8236
8129
8080
8040
8041
8081
8130
8131
8082
8084
8042
8133
8134
8085
8004
8003
7870
7869
8002
8001
8000
8186
8187
8237
8484
8486
8611
8612
8487
8488
8489
8490
8614
8613
8647
8696
8747
8746
8695
8694
8646
8745
8800
8801
8748
8697
8749
8318
8239
8240
8319
8241
8242
8243
8320
8244
8245
8321
8246
8247
8248
8322
8249
8250
8323
8251
8252
8253
8324
8254
8255
8325
8256
8257
8191
8137
8088
8138
7916
7915
7914
7913
7911
7910
7909
7908
7950
7907
7906
7905
7904
7902
7901
7900
7899
7898
7949
7897
7896
7895
7894
7892
7891
7890
7889
7888
7948
7887
7886
7885
7884
7883
7882
7881
7880
7879
7947
7878
7877
7876
7875
8006
8043
8086
8135
8238
8483
8482
8481
8480
8479
8478
8477
8476
8609
8610
8645
8693
8744
8743
8692
8644
8799
8852
8853
9430
9655
9654
9653
9652
9651
9650
9649
9648
9647
9646
9645
9644
9643
9642
9640
9639
9638
9637
9636
9635
9634
9633
9632
9631
9630
9629
9628
9627
9626
9625
9624
9623
9622
9409
9474
9475
9376
9410
9411
9476
9337
9338
9278
9412
9413
9414
9336
9277
8913
8914
8784
8761
8717
8666
8627
8665
8716
8779
8849
8848
8906
8905
8904
8778
8760
8715
8626
8847
8777
8714
8664
8575
8422
8421
8419
8418
8417
8416
8415
8414
8413
8412
8558
8411
8409
8408
8407
8406
8405
8404
8403
8402
8557
8400
8399
8836
8900
8837
8838
8901
8839
8840
8841
8902
8842
8843
8903
8844
8845
8846
9171
9172
9173
9174
9175
9270
9329
9013
9182
8113
8065
7978
7555
6889
6740
6739
6738
6737
6736
6735
6863
6734
6733
6887
6886
6731
6730
6729
6728
6727
6726
6725
6862
6723
6722
6952
7023
7140
7200
7141
7142
7201
7143
7144
7086
7087
7145
7025
6568
6464
6338
6174
6175
6176
6177
6178
6179
6180
6181
6182
6183
6184
6185
6186
6187
6188
6190
6191
6192
6193
6194
6195
6196
6197
6198
6199
6200
6201
6202
6203
6204
6205
6206
6207
6208
6209
6210
6211
6212
6213
5986
5987
5929
5930
5864
5778
5816
5776
5814
5775
5717
5718
5608
5610
5611
5612
5720
5719
5817
5865
5931
5932
5866
5474
5393
5394
5475
5395
5280
5281
5164
5047
5048
5116
5049
5050
5051
5052
5053
5054
5055
5056
5057
5117
5058
5059
5060
5061
5062
5063
5064
5065
5066
5067
5069
5070
5071
5072
5073
5074
5075
5076
5077
5079
5080
5081
5082
5083
5084
5085
5086
5088
5089
5090
5091
5092
5093
5094
5166
5167
5168
5199
5235
5198
5234
5197
5233
5282
5329
5330
5331
5283
5096
5097
4879
4878
4877
4876
4875
4874
4873
4872
4748
4747
4746
4812
4811
4871
4810
4809
4870
4869
4868
4745
4673
4613
4514
4418
4417
4416
4246
4187
4188
4247
4189
4248
4190
4191
4249
4250
4251
4192
4193
4252
4253
4194
4195
4196
4066
3969
4081
4117
4431
4432
4521
4520
4678
4679
4677
4617
4568
4541
4519
4517
4516
4515
4428
4429
4427
4426
4425
4424
4423
4422
4420
4419
4808
4672
4612
4610
4670
4609
4564
4539
4608
4668
4669
4607
4563
4538
4606
4666
4667
4740
4741
4742
4743
4744
4512
4412
4411
4410
4409
4408
4407
4406
4405
4404
4403
4402
4401
4400
4399
4398
4397
4396
4449
4395
4394
4393
4391
4390
4389
4388
4387
4386
4448
4385
4384
4383
4382
4381
4380
4379
4378
4377
4376
4375
4374
4373
4372
4504
4536
4557
4600
4661
4732
4731
4730
4729
4659
4598
4599
4660
4693
4503
4502
4370
4371
4500
4499
4535
4369
4368
4367
4366
4365
4364
4363
4362
4360
4359
4358
4357
4356
4498
4497
4533
4355
4354
4353
4352
4496
4495
4350
4494
4349
4348
4346
4345
4344
4343
4342
4341
4340
4339
4338
4336
4335
4334
4333
4332
4331
4330
4329
4328
4103
4078
4048
4001
3955
3939
3909
3733
3735
3736
3737
3738
3739
3740
3741
3742
3914
3913
3911
3910
3956
4002
4049
4050
4003
4004
3957
4051
4052
4005
4006
3958
4053
4079
4105
4221
4222
4106
4107
4054
4055
4080
4056
4007
3918
3919
3744
3745
3746
3866
3747
3748
3749
3750
3751
3752
3539
3540
3489
3541
3608
3543
3544
3609
3760
3759
3761
3758
3757
3867
3755
3754
4008
4154
4224
4153
4152
4223
4151
4109
4108
3917
3916
3915
3605
3604
3486
3487
3488
3442
3536
3606
3537
3538
3607
3443
3404
3337
3211
3210
3209
3208
3207
3206
3205
3204
3309
3203
3202
3122
3123
3124
3125
3126
2935
2883
2838
2813
2839
2884
2936
2937
2885
2840
2785
2611
2613
2614
2610
2609
2608
2784
2783
2812
2837
2882
2934
2968
2933
2881
2880
2932
2999
3000
2782
2607
2606
2781
2486
2485
2487
2488
2489
2355
2324
2296
2278
2279
2257
2277
2295
2323
2354
2380
2353
2322
2294
2256
2149
2150
2057
1963
1962
2056
1961
1960
1959
2055
1958
1957
2054
1956
2141
2142
2143
2144
2251
2252
2253
2292
2320
2291
2319
2290
2289
2318
2350
2438
2437
2404
2403
2402
2401
2400
2399
2398
2397
2396
2395
2394
2393
2379
2347
2315
2240
2241
2242
2130
2129
2128
2239
2127
2126
2125
2124
2123
2122
2121
2120
2119
2118
2117
2116
2115
2114
2113
2112
2111
2110
2109
2108
2107
2106
2105
2104
2103
2102
2101
2100
2099
1946
1945
1944
2048
1943
1942
2047
1941
1940
1939
2046
1938
1937
2045
1936
1935
1934
2044
1933
1932
2043
1931
1930
1929
2042
1928
1927
2041
1926
2085
2084
2229
2230
2231
2339
2377
2338
2419
2473
2472
2471
2470
2469
2468
2467
2466
2465
2464
2376
2335
2306
2282
2271
2227
2272
2283
2307
2336
2308
2284
2273
2337
2228
1925
2040
1924
1923
2039
1922
1921
1920
2038
1919
1918
2037
2036
2035
2034
2081
2033
2032
2080
2031
2030
1916
2029
2028
2027
2026
1915
2021
2017
2014
2010
2000
1913
1912
1985
1982
1908
1907
1906
1905
1904
1888
1874
1870
1867
1871
1875
1890
1853
1854
1855
1856
1699
1689
1680
1667
1665
1664
1661
1651
1638
1628
1618
1609
1603
1596
1841
1844
1845
1846
1869
1873
1886
1852
1718
1724
1731
1741
1755
1760
1769
1775
1780
1786
1791
1799
1800
1801
1802
1803
1804
1805
1806
1807
1808
1809
1840
1810
1811
1812
1813
1814
1815
1816
1817
1818
1819
1587
1588
1589
1590
1591
1592
1593
1594
1595
1820
1597
1598
1599
1600
1601
1602
1842
1843
1604
1605
1821
1606
1607
1608
1610
1611
1612
1613
1614
1615
1822
1616
1617
1619
1620
1621
1622
1623
1624
1625
1823
1626
1627
1629
1630
1631
1632
1633
1634
1635
1824
1636
1637
1639
1640
1641
1642
1643
1644
1645
1825
1646
1647
1648
1649
1650
1652
1653
1654
1655
1826
1656
1657
1658
1659
1660
1662
1663
1847
1848
1887
1903
1902
1898
1955
1954
2052
1953
1952
2051
1951
1950
1949
2050
1948
1947
2049
2098
2097
2234
2233
2275
2096
2095
2094
2093
2092
2091
2090
2089
2220
2088
2087
2232
2274
2340
2378
2386
2387
2420
2474
2421
2422
2475
2423
2424
2425
2388
2389
2417
2341
2309
2310
2342
2418
2343
2476
2477
2478
2426
2427
2479
2428
2429
2390
2391
2345
2313
2288
2287
2312
2286
2311
2285
2276
2344
2235
2236
2237
2238
2314
2346
2392
2430
2431
2480
2481
2482
2432
2433
2483
2434
2435
2587
2588
2586
2585
2774
2773
2772
2584
2583
2582
2770
2771
2807
2828
2870
2919
2965
2918
2869
2868
2827
2806
2867
2916
2917
2964
2995
2994
2993
2992
2991
3037
3036
3103
3035
3034
3102
3101
3100
2990
2913
2864
2912
2826
2863
2825
2862
2824
2823
2861
2822
2860
2821
2759
2760
2761
2762
2763
2764
2567
2568
2569
2570
2571
2572
2573
2574
2575
2577
2578
2766
2765
2767
2768
2579
2580
2581
2769
2866
2915
2914
2865
3184
3328
3185
3186
3187
3188
3189
3190
3191
3192
3329
3330
3194
3331
3399
3436
3470
3483
3482
3532
3531
3597
3530
3529
3595
3594
3593
3481
3434
3433
3528
3704
3705
3706
3707
3708
3709
3710
3712
3713
3714
3898
3994
4041
4096
4144
4076
4097
4145
4146
4077
3900
3718
3717
3716
3715
3899
3897
3896
3894
3893
3892
3891
3890
3699
3701
3702
3703
3698
3697
3696
3695
3888
3887
3886
3885
3693
3692
3691
3690
3689
3688
3687
3686
3685
3683
3865
3682
3681
3680
3679
3678
3677
3676
3674
3673
3864
3672
3671
3590
3591
3525
3526
3592
3181
3180
3179
3178
3098
3030
3031
3099
3032
3033
2986
2987
2988
2989
3379
3432
3884
3950
3985
4031
4030
3984
4088
4141
4140
4220
4139
4138
4219
4137
4136
4135
4218
4134
4133
4217
4132
4131
4216
4130
4129
4215
4128
4127
4126
4214
4213
4212
4211
4210
4209
4208
4207
4125
4074
4025
3980
3946
3936
3880
3937
3947
3981
4026
3982
3948
3938
4027
3881
3659
3660
3661
3662
3663
3863
3664
3665
3666
3668
3669
3670
3589
3524
3171
3172
3023
3022
3021
3094
3093
2985
2963
2758
2542
2543
2544
2545
2546
2547
2733
2548
2549
2550
2551
2552
2554
2555
2556
2557
2734
2559
2560
2561
2562
2563
2565
2566
3029
3028
3027
3096
3025
3024
3095
3174
3175
3176
3307
4029
4280
4282
4283
4284
4285
4286
4287
4471
4469
4551
4584
4638
4637
4583
4550
4582
4636
4703
4634
4580
4549
4464
4462
4461
4460
4276
4275
4459
4530
4547
4578
4631
4632
4579
4548
4687
4700
4701
4702
4633
4465
4278
4279
4466
4467
4468
4585
4639
4688
4705
4706
4832
4833
4834
4758
4759
4760
4761
4836
4838
4839
4762
4763
4840
4764
4765
4841
4842
4844
4766
4767
4845
4768
4769
4707
4641
4587
4642
4643
4589
4475
4476
4312
4313
4314
4315
4477
4478
4316
4317
4318
4319
4320
4321
4322
4324
4646
4775
4774
4851
4773
4772
4850
4849
4848
4710
4709
4771
4770
4708
4644
4948
4949
4950
4951
4952
4954
4955
4956
5148
4958
4959
4960
4961
5149
5151
5152
5153
5154
4964
4965
4966
4967
4968
4969
4970
4971
4973
4974
4975
4976
4977
4978
4980
4981
4982
4983
4985
4986
4987
4988
4990
4991
4992
4993
4995
4996
4997
4998
4999
5001
5002
5003
5004
5005
5006
5007
5008
5010
5011
5012
5013
5157
5014
5015
5016
5017
5018
5020
5021
5022
5023
5024
5025
5026
5027
5028
5029
5030
5031
5032
5160
5161
5231
5276
5275
5230
5277
5326
5324
5391
5390
5389
5388
5323
5322
5273
5227
5226
5193
5177
5272
5387
5386
5599
5598
5597
5596
5595
5594
5593
5592
5591
5715
5589
5588
5587
5586
5585
5584
5712
5743
5772
5809
5857
5856
5922
5923
5924
5925
5926
5861
5812
5773
5744
5811
5859
5858
5810
5860
5714
5713
5583
5582
5472
5380
5381
5473
5382
5383
5320
5384
5385
5293
5175
5269
5270
4856
4857
4858
4791
4792
4860
4793
4794
4728
5159
5194
5229
5274
5158
4790
4789
4788
4787
4727
4726
4786
4785
4784
4783
4725
4724
4691
4657
4596
4656
4723
4655
4654
4595
4555
4594
4653
4721
4720
4719
4718
4717
4716
4715
4714
4781
4780
4855
4779
4778
4854
4853
4852
4712
4648
4481
4480
4479
4647
4690
4711
4962
5223
5265
5266
5317
5316
5318
5319
5454
5455
5456
5360
5361
5457
5362
5363
5458
5459
5460
5364
5365
5461
5366
5367
5462
5463
5464
5369
5370
5465
5372
5373
5466
5467
5468
5375
5376
5469
5377
5379
5470
5471
5711
5709
5708
5742
5890
5918
5919
5921
5977
5978
5862
5813
5774
5745
5927
5979
5980
5981
5982
5983
6062
6063
6065
5984
5985
6066
5605
5604
5603
5602
5601
5600
5606
5607
5327
5278
5232
5195
5178
5196
5162
5038
5037
5036
5035
5034
5039
5040
5115
5041
5042
5043
5044
5045
5046
4796
4738
4737
4736
4734
4663
4601
4558
4537
4559
4602
4560
4603
4561
4604
4508
4507
4506
4232
4173
4174
4233
4175
4176
4177
4235
4178
4179
4236
4180
4059
4181
4182
4060
4011
3963
3924
3806
3807
3808
3809
3810
3811
3812
3813
3814
3815
3816
3818
3819
3820
3821
3822
3823
3824
3825
3565
3564
3624
3623
3563
3562
3621
3620
3619
3561
3505
3455
3384
3259
3260
3261
3262
3263
3264
3265
3266
3267
3268
3269
3270
3271
3272
3273
3354
3385
3457
3456
3414
3506
3626
3566
3567
3627
3568
3628
3569
3508
3570
3571
3572
3573
3509
3459
3416
3460
3386
3357
3287
3286
3285
3284
3283
3282
3281
3280
3279
3278
3277
3144
3081
3080
3143
3142
3141
3007
2948
2890
2947
2842
2889
2946
2945
2841
2678
2679
2680
2682
2683
2684
2685
2686
2687
2688
2689
2690
2691
2692
2693
2694
2695
2696
2697
2698
2699
2700
2701
2702
2703
2704
2706
2707
2708
2709
2710
2711
2714
2715
2716
2796
2797
2798
2799
2974
3015
3014
3013
3148
3147
3012
2970
2955
2895
2847
2846
2954
2953
2894
2893
2952
2892
2845
2815
2891
2844
2814
2950
2951
3008
3009
3010
3011
3291
3290
3289
3288
3292
3293
3294
3295
3296
3297
3298
3358
3417
3461
3462
3511
3577
3576
3575
3574
3510
3843
3842
3844
3845
3846
3847
3848
3849
3850
3928
3418
3387
3300
3299
2971
2956
2896
2795
2794
2949
2843
3083
3082
3145
3356
3415
3458
3835
3836
3837
3838
3839
3840
3834
3833
3832
3831
3830
3829
3828
3827
3967
4064
4063
4116
4241
4242
4243
4244
4245
4414
4240
4239
4238
4184
4237
4114
4183
4062
4013
3965
3966
3926
3925
3964
4012
4061
3805
3804
3803
3802
3801
3800
3799
3798
3797
3872
3795
3794
3793
3792
3790
3789
3788
3787
3786
3871
3784
3783
3782
3781
3780
3779
3778
3777
3776
3870
3775
3774
3923
3922
3921
3920
3960
4009
3959
4057
4164
4228
4163
4162
4227
4161
4160
4159
4226
4158
4157
4225
4156
3762
3763
3764
3765
3869
3766
3767
3768
3769
3770
3771
3611
3548
3547
3610
3546
3545
3405
3220
3219
3218
3217
3216
3215
3310
3213
3212
3128
3049
3050
3129
3051
3052
3130
3053
3054
3131
3223
3224
3225
3226
3227
3228
3229
3338
3230
3339
3340
3341
3342
3343
3344
3345
3346
3347
3349
3237
3236
3235
3234
3232
3231
3134
3060
3059
3133
3058
3003
3002
3001
3057
3056
2938
2887
2939
2787
2788
2636
2637
2738
2639
2640
2641
2642
2643
2644
2495
2407
2408
2360
2359
2325
2358
2258
2259
2166
2165
1909
1910
1911
1986
2066
1987
1988
2067
1989
1990
1991
2068
1992
1993
2069
1994
1995
1996
2070
1997
1998
2071
1999
2001
2002
2072
2003
2004
2073
2005
2006
2007
2074
2008
2009
2075
2011
2012
2013
2076
2015
2016
2077
2192
2193
2194
2196
2197
2198
2199
2200
2201
2203
2204
2205
2206
2207
2208
2211
2212
2213
2214
2265
2264
2301
2327
2368
2369
2328
2370
2302
2411
2410
2367
2300
2366
2299
2326
2365
2409
2454
2453
2510
2509
2452
2451
2508
2507
2506
2793
2792
3006
3079
3005
2969
2944
2943
2888
2942
3077
3140
3076
3075
3139
3073
3072
3071
3138
3070
3069
3137
3067
3066
3136
3065
3064
3135
3063
3062
3238
3239
3312
3240
3241
3242
3243
3244
3413
3552
3613
3551
3612
3550
3500
3498
3497
3496
3495
3494
3493
3492
3448
3409
3447
3446
3408
3407
3445
3444
3549
3490
3491
3450
3411
3061
2940
2645
2646
2647
2648
2739
2649
2650
2651
2652
2653
2654
2497
2443
2655
2656
2740
2658
2659
2660
2661
2662
2663
2664
2665
2667
2741
2668
2669
2670
2671
2672
2673
2674
2789
2790
2791
2676
2677
2504
2447
2446
2503
2502
2501
2362
2298
2176
2177
2178
2179
2180
2181
2182
2183
2184
2260
2261
2262
2185
2186
2187
2189
2190
2191
2263
2018
2019
2020
2078
2022
2023
2079
2024
2025
1895
1901
1914
2083
2215
2512
1862
1863
1798
1797
1796
1795
1794
1793
1792
1839
1790
1789
1788
1787
1785
1784
1783
1782
1781
1838
1779
1778
1777
1776
1774
1773
1772
1771
1770
1837
1768
1767
1766
1765
1764
1763
1762
1761
1759
1836
1758
1757
1756
1754
1753
1752
1751
1750
1749
1835
1748
1747
1746
1745
1744
1743
1742
1740
1739
1834
1738
1737
1736
1735
1734
1733
1732
1730
1729
1833
1728
1727
1859
1858
1857
1725
1726
1525
1526
1461
1406
1407
1321
1322
1377
1323
1324
1325
1326
1328
1329
1330
1217
1161
1160
1216
1159
1075
1074
1073
1072
1071
1158
1157
1215
1156
1154
1214
1153
1152
1151
1213
1150
1148
1212
1147
1146
1145
1211
1144
1143
1209
1142
1141
1140
1207
1139
1138
1206
1137
1070
1136
1135
1205
1134
1133
1204
1132
1297
1296
1295
1294
1293
1374
1292
1291
1290
1289
1288
1287
1286
1285
1284
1373
1283
1282
1402
1401
1400
1399
1398
1397
1396
1280
1281
1279
1277
1276
1274
1273
1395
1394
1393
1271
1270
1269
1268
1267
1266
1265
1264
1372
1262
1261
1103
1013
972
971
1012
1102
1130
1129
1203
1128
1127
1202
1126
1125
1124
1201
1123
1122
1200
1121
1120
1119
1199
1118
1117
1198
1116
1101
1064
1063
1062
1061
1060
1059
1058
1057
1052
1006
967
911
716
715
714
909
910
966
1005
1050
1003
908
713
712
711
710
709
708
707
705
704
891
703
702
701
700
699
698
890
889
888
905
887
886
885
884
883
882
881
880
879
904
878
877
876
875
874
871
860
852
842
832
815
806
796
787
778
679
682
631
632
685
686
639
645
650
693
651
652
694
653
654
655
695
656
657
696
658
659
660
661
587
588
662
589
590
591
663
592
593
664
594
396
398
444
488
495
497
445
307
305
99
5
6
100
101
103
104
105
106
7
107
108
109
8
292
111
112
113
114
115
9
10
117
118
11
119
120
293
121
122
123
124
125
126
127
13
128
129
294
130
131
14
132
133
135
136
137
15
138
139
140
141
16
142
144
145
146
17
147
148
18
19
150
151
20
21
152
154
155
156
157
22
23
158
159
24
160
161
25
26
28
163
164
328
327
325
324
323
322
321
320
319
318
317
316
314
313
312
405
452
503
504
505
507
508
509
510
511
512
513
514
515
516
518
519
520
521
522
523
524
525
582
458
411
334
333
332
331
330
165
30
29
166
167
168
31
170
171
32
172
33
34
173
337
336
413
460
461
414
528
527
584
585
462
415
416
463
464
417
340
339
176
177
36
178
179
295
180
181
182
183
184
37
185
186
38
187
189
296
190
191
39
192
193
194
195
196
40
198
199
297
200
201
43
202
203
204
44
205
206
208
209
344
343
345
210
46
47
48
49
50
212
213
214
215
51
216
217
218
52
220
221
222
53
223
224
362
361
360
359
358
357
356
355
354
353
352
351
350
349
423
469
470
424
425
471
472
426
427
473
474
428
429
475
476
430
431
477
478
432
552
551
550
549
548
547
546
545
544
543
542
541
540
813
812
811
810
809
808
807
805
804
899
803
802
801
800
799
798
797
795
794
898
793
792
791
790
789
788
786
785
784
897
783
782
781
780
779
777
776
775
774
896
773
772
929
771
770
769
768
767
766
765
895
764
763
928
927
926
925
924
760
761
762
981
1025
1026
1069
1068
1067
1066
1023
979
980
1024
1022
923
759
758
977
1020
1105
1106
1021
978
583
459
412
409
456
329
408
455
162
407
454
453
406
756
920
921
922
757
976
1018
1104
1019
1017
1016
975
1065
1435
1454
1480
1481
1482
1468
1455
1456
1485
1486
1484
1483
1666
1851
1668
1669
1827
1670
1671
1672
1673
1674
1675
1676
1677
1678
1828
1679
1681
1682
1683
1684
1685
1686
1687
1688
1829
1690
1691
1692
1693
1694
1695
1696
1697
1698
1830
1700
1701
1702
1703
1704
1705
1706
1707
1708
1831
1709
1710
1711
1712
1713
1714
1715
1716
1717
1832
1719
1720
1721
1722
1723
1572
1523
1524
1573
1522
1460
1420
1311
1312
1376
1313
1314
1315
1316
1318
1319
1320
1028
982
983
1029
1030
984
932
931
930
933
934
814
816
817
900
818
819
820
821
822
823
824
825
826
901
827
828
829
830
831
833
834
835
836
902
837
838
839
840
841
843
844
845
846
903
847
848
849
850
851
853
854
855
856
857
858
859
861
943
942
941
940
939
938
937
936
986
1032
1033
987
988
1034
1035
989
990
1036
1037
991
1083
1082
1081
1080
1079
1078
1077
1179
1178
1225
1176
1175
1224
1174
1173
1172
1222
1171
1170
1221
1169
1168
1167
1219
1166
1165
1218
1164
1163
1162
1462
1532
1531
1575
1529
1528
1574
1527
1878
1892
1891
1877
1876
1984
2065
1983
2064
1981
1980
1979
2063
1978
1977
2062
1976
1975
1974
2061
1973
1972
2060
1971
1970
1969
2059
1968
1967
2058
1966
1965
1964
2151
2152
2280
2356
2615
2616
2736
2618
2619
2620
2621
2622
2623
2490
2440
2491
2493
2627
2626
2737
2625
2624
2628
2629
2630
2632
2633
2634
2786
2494
2442
2441
2159
2160
2161
2162
2221
2157
2156
2155
2154
2153
1569
1570
1520
1521
1571
1309
1308
1307
1306
1375
1305
1304
1303
1301
1300
1519
1568
1457
1518
1517
1567
1516
1515
1566
1514
1513
1512
1565
1511
1510
1564
1509
1889
2053
2136
2137
2139
2140
2250
2249
2248
2247
2246
2245
2244
2243
2131
2132
2133
2135
2317
2349
2348
2316
2593
2594
2595
2596
2597
2598
2599
2600
2601
2777
2776
2831
2874
2925
2924
2873
2830
2832
2808
2875
2926
2966
3112
3113
3114
3115
3116
2927
2876
2833
2809
2834
2877
2928
2929
2878
2835
2810
2967
3117
3118
3119
3120
3121
2930
2879
2836
2811
2780
2604
2603
2779
2778
2405
2406
2439
2351
2321
2293
2352
2254
2148
2147
2146
2145
2255
2931
3200
3199
3333
3382
3403
3441
3472
3440
3402
3439
3401
3381
3370
3332
3369
3380
3400
3438
3471
3437
3535
3598
3599
3601
3602
3603
3485
3371
3334
3335
3336
3197
3044
3043
3042
3041
3111
3040
3039
3110
3109
3108
2998
2997
2921
2871
2922
2923
2872
2829
2775
2589
2590
2591
2592
3107
3106
2996
3105
3104
3435
3484
3720
3721
3722
3723
3724
3725
3726
3728
3905
3906
3729
3730
3731
3908
3907
3954
3999
4046
4047
4000
4102
4101
4100
4150
4149
4148
4147
4099
4098
4042
3995
3996
4043
3902
3901
3904
3997
4044
4045
3998
3732
4104
4483
4484
4485
4486
4487
4488
4489
4490
4491
4492
4722
4652
4593
4591
4650
5573
5574
5575
5576
5577
5578
5579
5580
5581
5976
5975
5974
5973
6057
6056
6055
5972
5971
5970
5969
6054
6052
6051
6172
6173
6463
6569
6640
6641
6642
6570
6571
6643
6572
6573
6644
6645
6646
6574
6575
6576
6577
6647
6649
6753
6754
6755
6756
6757
6758
6759
7036
7038
7097
7098
7155
7156
7157
7158
7159
7206
7099
7100
7101
7102
7041
6996
6960
6995
6959
6994
6958
6993
6957
6935
7040
7039
6907
6908
6909
6910
6911
6786
6787
6788
6789
6790
6792
6793
6794
6795
6796
6797
6798
6799
6800
6801
6802
6803
6804
6805
6806
6807
6808
6809
6810
6811
6812
6813
6814
6914
6815
6816
6817
6818
6819
6820
6918
6917
6916
6915
6964
7000
6963
6938
7046
7108
7109
7110
7111
7175
7176
7177
7178
7219
7179
7221
7180
7181
7223
7182
7183
7184
7185
7125
7049
7003
7004
7051
7052
7005
6921
6922
6923
6924
6925
6926
6842
6841
6840
6839
6838
6837
6836
6920
6835
6834
6833
6832
6831
6830
6829
6828
6827
6826
6825
6824
6823
6822
6821
7048
7388
7387
7386
7385
7384
7383
7382
7381
7380
7379
7378
7377
7376
7375
7374
7372
7371
7370
7369
7367
7366
7365
7364
7363
7440
7361
7360
7359
7358
7356
7355
7354
7353
7352
7439
7351
7350
7349
7348
7347
7346
7345
7344
7485
7103
7104
7161
7207
7208
7162
7163
7209
7210
7164
7165
7166
7212
7213
7167
7168
7169
7215
7216
7170
7171
7172
7173
7174
7063
7107
7047
7001
7389
7391
7392
7393
7394
7395
7397
7398
7399
7401
7402
7403
7404
7405
7406
7407
7408
7409
7410
7411
7412
7486
7559
7593
8141
8139
8754
8871
8931
8872
8873
8932
8874
8875
8876
8756
9438
9439
9696
9695
9694
9693
9692
9691
9690
9689
9688
9687
9686
9685
9684
9683
9682
9681
9680
9679
9678
9677
9676
9675
9674
9673
9672
9671
9670
9669
9668
9667
9666
9665
9664
9663
9662
9661
9660
9659
9658
9657
9656
9478
9552
9479
9480
9553
9481
9482
9483
9555
9484
9485
9556
9486
9487
9488
9558
9489
9490
9559
9491
9492
9560
9562
9493
9494
9495
9496
9563
9497
9564
9498
9499
9566
9500
9501
9567
9502
9568
9503
9504
9570
9368
9367
8923
8858
8857
8922
8921
8856
8920
8492
8493
8495
8496
8497
8559
8499
8500
8501
8502
8753
7545
7544
6529
6473
6423
6424
6386
6474
6475
6425
6387
6352
6261
6260
6259
6258
6256
6350
6351
6262
6263
6264
6265
6266
6267
6268
6269
6270
6271
6272
6273
6274
6275
6276
6277
6278
6279
6361
6360
6358
6357
6356
6428
6479
6480
6429
6478
6531
6532
6533
6535
6536
6481
6280
6281
5875
5730
5731
5648
5647
5645
5644
5643
5641
5640
5639
5638
5637
5636
5635
5634
5633
5632
5631
5630
5629
5628
5627
5725
5724
5625
5484
5407
5406
5482
5481
5480
5405
5404
5479
5403
5402
5478
5401
5400
5399
5477
5398
5397
5476
5396
5614
5613
5615
5617
5618
5669
5619
5620
5621
5622
5990
6072
5989
6071
6070
6417
6469
5869
5780
5820
5870
5892
5934
5935
6073
6074
6075
5991
5992
6076
5993
5994
5937
6077
6078
6079
5995
5996
6080
5997
5998
5938
5939
5874
5824
5823
5873
5728
5729
5419
5420
5493
5418
5417
5492
5491
5490
5415
5414
5413
5412
5489
5411
5410
5487
5486
5485
5409
5408
5727
5822
5872
6353
6354
6355
6388
6427
6477
6476
6426
6530
6606
6607
6608
6609
6610
6611
6668
7112
7113
7114
7115
7116
7117
7118
7064
7119
6927
4695
4676
4616
4567
4540
4615
4675
4115
4511
4510
4807
4806
4805
4804
4866
4803
4802
4864
4801
4800
4799
4863
4798
4797
4862
4795
4733
4231
4168
4167
4230
4166
4113
4112
4111
4110
4010
3961
4058
4169
4170
4171
3553
3615
3554
3555
3616
3556
3557
3558
3559
3560
3502
3503
3504
3454
3453
3351
3352
3353
3258
3004
3257
3256
3255
3254
3253
3252
3251
3250
3249
3248
3247
3313
3246
3245
2941
2498
2499
2444
2445
2500
2175
2174
2173
2172
2223
2171
2170
2169
2168
2167
2361
2357
2297
2886
3221
3222
3311
3047
3046
1299
1298
1027
678
618
617
677
616
532
531
530
341
35
175
619
620
621
680
622
623
681
624
625
626
683
627
628
684
629
630
534
535
536
586
467
420
419
466
465
418
45
42
489
537
538
539
468
393
422
392
421
391
346
347
348
553
554
633
687
634
635
688
636
637
638
689
640
641
690
642
643
644
691
646
647
692
648
649
555
556
557
558
559
560
561
562
563
564
565
566
491
484
438
437
483
482
436
371
372
373
374
375
264
262
68
261
370
369
368
367
366
365
364
255
254
253
66
256
257
258
67
259
435
481
480
434
433
479
252
251
250
65
249
248
300
246
245
64
63
244
243
62
242
241
240
61
239
238
299
236
235
59
60
234
233
58
56
55
232
231
230
229
228
298
226
225
54
363
1332
1333
1334
1335
1336
1379
1338
1339
1340
1341
1535
1580
1534
1579
1578
1533
1576
1464
1421
1343
1344
1380
1345
1346
1348
1349
1350
1351
1353
1354
1355
1381
1356
1358
1359
1360
1361
1362
1363
1409
1364
1410
1383
1382
1466
1465
1490
1547
1546
1585
1545
1544
1584
1543
1542
1541
1582
1540
1538
1581
1537
1181
1085
1084
1038
1039
992
993
1040
1041
994
995
1042
1043
996
997
1044
1045
998
999
1046
1047
1000
1048
1098
1097
1096
1095
1094
1093
1092
1091
1090
1089
1088
1087
1086
946
947
948
949
950
951
952
953
954
955
956
957
958
959
960
873
872
869
868
867
866
865
864
863
945
862
944
567
568
569
570
571
572
573
574
575
576
577
487
386
385
384
383
382
381
380
379
378
377
265
266
267
268
70
71
269
270
271
72
272
73
387
75
76
440
486
485
439
376
69
1099
1100
1548
2364
2363
2449
2448
2505
3274
3275
3276
5392
7043
7873
7872
7871
8688
8739
9291
9351
9350
9290
9289
9349
9422
9421
9420
9419
9418
9551
9550
9424
9425
7508
5917
5916
5807
5769
5770
5808
5771
5855
5707
5706
5565
5564
5563
5562
5561
5702
5703
5704
5768
5806
5854
5853
5805
5804
5767
5852
5914
5566
5567
5568
5569
5570
5571
5572
5292
5264
5359
5358
5314
5357
5356
5355
5354
5453
5452
5451
5353
5352
5450
5351
5350
5449
5448
5447
5349
5313
5446
5445
5444
5443
5442
5441
5440
5290
5257
5217
5187
5173
5143
5174
5188
5218
5258
5259
5219
5189
5291
5144
4936
4937
4938
4939
4941
4942
4943
4944
4946
4947
5146
5261
5262
5221
4474
4311
4310
4309
4308
4307
4306
4305
4304
4303
4302
4301
4300
4299
4298
4297
4296
4295
4294
4293
4292
4291
4290
4289
4288
4472
4920
4919
4918
5138
5137
5136
4916
4917
5134
5133
4915
4914
4913
4912
4911
4910
4909
5132
5130
4907
4906
4905
4904
5127
5128
5129
5183
5209
5247
5246
5208
5207
5245
5301
5302
5249
5288
5304
5341
5432
5433
5342
5343
5305
5306
5308
5289
5252
5213
5184
5212
5251
5250
5211
5214
5185
5253
5309
5435
5434
5310
5311
5436
5437
5438
5345
5346
5439
5347
5348
5312
5254
5215
5255
5142
4931
4930
4929
4928
4927
4926
4924
4923
4922
5141
5140
5139
5172
5681
5680
5679
5835
5900
5901
5836
5883
5515
5678
5738
5754
5788
5753
5787
5752
5786
5834
5897
5898
5899
5677
5676
5514
5675
5674
5672
5751
5785
5833
5882
5893
6007
6006
5952
5951
5950
5949
5948
5831
5783
5749
5748
5782
5830
5670
5503
5504
5505
5506
5507
5508
5509
5510
5511
5512
5513
5750
5784
5832
5881
5895
6009
6010
6011
6012
6013
6014
6015
5896
6008
6100
6099
6098
6097
6307
6308
6309
6306
6096
6095
6094
6092
6091
6090
6089
6088
6087
6296
6304
6389
6430
6431
6390
6368
6363
6391
6432
6305
5947
5946
5945
6005
6086
6085
6084
5944
5943
5879
5828
5829
5880
5737
5736
5661
5660
5659
5658
5657
5656
5655
5654
5653
5652
5732
5733
5735
5827
5878
5877
5826
5781
5825
5876
5940
6002
6001
6000
5999
6083
6082
6081
5936
5871
5821
5819
5779
5868
5867
5818
5815
5777
5746
5863
5891
5928
6064
6061
6060
6059
6058
6053
6050
6049
6046
6043
6038
6036
6033
6021
5905
5884
5837
5789
5755
5687
5700
5705
5710
5590
5716
5609
5616
5623
5624
5626
5642
5646
5649
5650
5651
5494
5495
5496
5423
5424
5425
5426
5497
5498
5427
5428
5332
5333
5334
5335
5336
5337
5430
5431
5295
5286
5238
5201
5179
5118
4891
4892
4893
4894
4895
4896
4897
4898
4899
5121
5120
5122
5123
4900
4901
5124
5125
5126
4902
4903
4821
4820
4819
4818
4699
4685
4627
4574
4543
4455
4273
4272
4454
4453
4271
4270
4269
4268
4452
4451
4267
4266
4265
4204
4203
4202
4201
4122
4073
4021
3976
3941
3874
3648
3649
3650
3651
3652
3653
3654
3655
3656
3657
3658
3879
3945
3979
4024
4124
4123
4023
3978
3943
3942
3977
4022
4087
4206
4205
4085
4264
4263
4262
4447
4446
4445
4444
4443
4442
4441
4526
4527
4570
4621
4684
4683
4620
4751
4816
4815
4814
4813
4882
4881
4880
4750
4681
4619
4618
4569
4680
4749
4696
4674
4614
4566
4565
4611
4671
4665
4605
4562
4694
4662
4735
4861
4859
4782
4692
4658
4597
4556
4534
4493
4347
4337
4327
4326
4325
4323
4473
4532
4553
4588
4645
4649
4590
4592
4554
4651
4713
4777
4776
4847
4846
4843
4837
4835
4704
4689
4640
4586
4552
4531
4581
4635
4630
4577
4546
4457
4463
4470
4281
4277
4274
4450
4524
4682
4664
4885
4908
5131
5135
4921
4925
4934
4940
4945
4953
4957
4963
4972
4979
4984
4989
4994
5000
5009
5019
5033
5163
5165
5068
5078
5087
5095
5098
5099
5100
5101
5102
5103
5104
5105
5106
5107
5108
5109
5110
5111
5112
5113
5114
4886
4887
4888
4889
4890
4817
4752
4753
4754
4755
4697
4622
4571
4623
4756
4757
4698
4624
4572
4625
4626
4573
4542
4456
4528
4544
4575
4628
4686
4822
4823
4824
4825
4826
4827
4828
4829
4830
4831
4629
4576
4545
4529
4458
5182
5206
5243
5244
5299
5300
5340
5298
5297
5296
5241
5204
5205
5242
5287
5240
5203
5181
5119
5180
5202
5239
5338
5339
5502
5501
5500
5499
5666
5665
5664
5663
5662
5285
5237
5170
5171
4883
4884
5169
5200
5236
5284
5422
5421
5416
5488
5483
5328
5294
5279
5228
5192
5176
5271
5268
5225
5156
5155
5150
5147
5145
5190
5220
5260
5256
5216
5186
5222
5263
5267
5224
5191
5315
5368
5371
5374
5378
5321
5325
5721
5722
5723
5726
5933
6068
6067
6214
6227
6232
6244
6252
6257
6282
6283
6284
6285
6286
6287
6288
6289
6290
6291
6292
6293
6294
6295
6004
6003
5942
5671
4261
4260
4259
4258
4121
4084
4071
4019
3973
4070
4069
4018
3972
4083
4120
4257
4256
4255
4254
4119
4082
4068
4017
3970
3940
4016
4067
3930
3859
3858
3857
3856
3855
3854
3853
3852
3851
3841
3826
3817
3796
3791
3785
3773
3772
3868
3756
3753
3743
3734
3727
3719
3711
3700
3694
3684
3675
3667
3882
3883
3895
3903
3912
3600
3534
3533
3596
3527
3431
3398
3378
3327
3173
3177
3182
3183
3308
3193
3195
3196
3198
3201
3214
3233
3348
3350
3383
3412
3451
3473
3449
3410
3406
3499
3614
3617
3618
3622
3625
3629
3630
3631
3632
3633
3634
3635
3636
3637
3638
3639
3514
3515
3463
3419
3420
3388
3465
3466
3421
3364
3365
3366
3367
3306
3305
3304
3303
3302
3301
3363
3362
3360
3359
3355
3146
3085
3086
3149
3087
3088
3016
2972
2958
2898
2848
2897
2957
2800
2722
2721
2720
2719
2718
2717
2713
2705
2742
2681
2675
2666
2657
2638
2635
2631
2617
2612
2735
2605
2602
2484
2436
2576
2564
2558
2553
2541
2539
2732
2523
2518
2712
2743
2962
2973
2975
2976
3084
3019
3092
3020
3026
3097
3038
2920
3045
3127
3048
3055
3132
3068
3074
3078
3507
3501
3542
4155
4229
4165
4172
4234
4185
4186
4065
4014
3968
3927
3929
3512
3513
3860
3861
3932
3933
3934
3935
3974
4020
4072
3873
3645
3646
3647
3862
3578
3579
3580
3581
3582
3477
3424
3392
3373
3317
3154
3155
3156
3157
3158
3159
3160
3161
3162
3163
3319
3320
3164
3321
3323
3165
3166
3167
3168
3169
3170
3326
3325
3324
3377
3397
3429
3428
3396
3376
3480
3588
3587
3586
3585
3584
3583
3478
3469
3427
3395
3375
3394
3426
3523
3522
3521
3520
3425
3393
3374
3318
2980
2981
2982
2907
2856
2819
2751
2750
2749
2748
2529
2530
2528
2527
2526
2525
2524
2522
2521
2520
2519
2731
2730
2729
2728
2727
2726
2725
2724
2723
2801
2802
2803
2849
2900
2960
2959
2899
3018
3091
3090
3089
3153
3152
3151
3150
3017
2961
2901
2850
2804
2805
2816
2851
2902
2817
2852
2853
2903
2904
2854
2818
2745
2746
2747
2855
2905
2906
2752
2531
2532
2533
2534
2535
2536
2537
2538
2540
2757
2756
2755
2754
2753
2820
2857
2908
2909
2858
2859
2910
2911
2984
2983
3430
3479
3878
3876
3875
3476
3644
3643
3642
3641
3640
3519
3474
3467
3422
3389
3368
3390
3423
3468
3475
3315
3316
2977
2978
2979
2744
2459
2458
2457
2517
2516
2515
2514
2513
2416
2381
2374
2331
2304
2330
2373
2414
2413
2412
2372
2329
2266
2267
2268
2269
2218
2217
2216
2303
2371
2415
2382
2375
2333
2305
2281
2224
2225
2226
2334
2384
2462
2461
2460
2383
2463
2219
2270
1897
1882
1865
1864
1881
1896
1894
1880
1879
1893
1860
1861
1577
1536
1539
1583
1549
1550
1469
1467
1491
1411
1366
1365
1357
1352
1347
1342
1337
1378
1331
1327
1317
1310
1405
1404
1403
1302
1208
1210
1149
1155
1076
1031
985
935
1220
1223
1177
1180
1226
1227
1183
1184
1185
1228
1186
1187
1229
1188
1189
1190
1230
1191
1192
1193
1107
1108
1109
1194
1110
1111
1195
1237
1236
1235
1238
1112
1113
1114
1055
1056
1115
1240
1385
1386
1388
1389
1241
1243
1244
1245
1246
1247
1445
1499
1498
1556
1555
1497
1443
1442
1441
1424
1471
1439
1414
1554
1496
1492
1553
1552
1551
1586
1367
1368
1232
1233
1234
1370
1884
1885
2385
2086
1557
1500
1558
1559
1501
1502
1560
1259
1258
1257
1256
1371
1254
1253
1252
1250
1249
729
730
731
732
893
733
734
735
736
737
739
740
741
742
894
743
744
745
746
747
748
749
750
673
674
612
613
675
676
614
615
581
450
403
404
451
753
754
755
974
1015
1131
1272
1429
1449
1448
1428
1476
1477
1478
1493
1450
1431
1432
1451
1494
1495
1452
1433
1508
1563
1849
1850
1899
1507
1506
1562
1505
1504
1561
1503
1447
1417
1014
973
752
751
611
610
672
609
608
671
607
606
605
670
604
603
669
602
601
600
668
599
598
667
597
723
722
892
724
725
726
727
728
721
720
719
718
916
917
918
969
1010
1009
968
1008
1007
912
913
914
915
665
666
595
596
580
447
399
4
97
96
95
94
3
93
92
291
91
90
88
2
87
86
85
84
0
83
82
290
81
289
79
288
287
286
285
284
283
282
302
281
280
279
278
77
277
276
275
274
273
74
301
263
260
247
237
227
219
211
207
197
41
188
342
338
335
326
315
311
310
309
134
143
149
153
27
169
174
410
457
517
506
502
501
500
499
498
496
494
493
578
490
441
394
395
442
443
397
390
389
400
446
448
401
402
449
308
116
110
102
98
89
80
1
303
304
306
388
492
579
870
697
706
717
907
906
961
962
965
1004
1051
1002
964
963
1001
1053
1054
1196
1197
1242
1239
1387
1390
1248
1251
1255
1260
1263
1275
1278
1392
1391
1416
1426
1415
1413
1425
1444
1440
1423
1422
1438
1470
1472
1473
1474
1475
1479
1453
1434
1430
1418
1427
1446
1384
1231
1408
1463
1489
1412
1369
1182
1049
1011
970
919
738
526
529
533
57
12
1436
1458
1459
1437
1419
1488
1487
1530
2164
2222
2163
2158
2138
2134
2492
2496
2450
2455
2511
2210
2202
2195
2188
1883
1872
1868
1866
1900
1917
2209
2082
2332
2456
3361
3314
3322
3464
3452
3391
3372
3931
3877
3944
3975
3971
4015
3962
4118
4086
4028
3983
3949
4482
4351
4361
4501
4505
4392
4413
4415
4421
4430
4518
4513
4509
4522
4433
4434
4435
4436
4437
4438
4439
4440
4525
4523
4197
4198
4199
4200
3516
3517
3518
4739
4867
4865
5344
5307
5303
5248
5210
5429
5734
5747
5941
5894
6093
6362
6359
6468
6534
6537
6542
6622
6456
6458
6409
6459
6460
6411
6376
6484
6514
6513
6634
6636
6638
6639
6518
6486
6465
6413
6378
6365
6339
6189
6340
6342
6345
6416
6467
6487
6521
6523
6651
6648
6515
6485
6462
6412
6377
6335
6171
6154
6334
6333
6331
6135
6119
5913
5915
5920
5673
6538
6878
6882
7263
7271
7280
7290
7299
7311
7312
7453
7449
7253
7250
7248
7243
7442
7487
7543
7602
7604
7692
7694
7565
7698
7701
7620
7626
7633
7779
8019
8046
8092
8146
8295
8297
8202
8199
8196
8624
8659
8710
8713
8662
8625
7931
7551
7523
7504
7495
7491
7506
7528
7720
7723
7726
7501
7546
7677
7678
7679
7680
7502
7524
7552
7691
7605
7693
7606
7607
7695
7608
7562
7773
8157
8158
8572
8661
8712
6507
6506
6505
6451
6452
5692
5693
6037
5909
4935
4933
4932
4089
4075
4090
4032
4033
3986
3987
3951
4034
4035
3988
3989
4036
4037
3990
3991
3952
4038
4039
3992
3953
3993
4040
4095
4143
4094
4093
4092
4091
4142
3889
78
