1708
1806
1805
1804
1803
1802
1801
1707
1701
1671
1641
1621
1583
1478
1477
1476
1475
1474
1473
1472
1471
1470
1334
1333
1396
1395
1394
1393
1392
1289
1255
1217
1216
1254
1190
1191
1182
1153
1029
1028
1027
1026
1025
1024
1023
1022
1021
1020
1019
1152
1189
1215
1252
1327
1328
1329
1330
1331
1332
1452
1453
1454
1455
1456
1457
1458
1459
1460
1461
1462
1463
1464
1465
1466
1467
1468
1469
1581
1620
1639
1669
1580
1619
1638
1668
1746
1747
1748
1749
1750
1751
1752
1753
1754
1755
1756
1799
1670
1640
1582
1706
1757
1758
1759
1760
1761
1800
1871
1870
1868
1867
1866
1865
1864
1863
2084
1997
1861
1860
1859
1858
1857
1856
1994
1995
2022
2030
2052
2083
2110
2243
2242
2156
2155
2154
2122
2121
2081
2050
2049
2080
2079
2048
1992
1993
1855
1854
1853
1852
1851
1850
1990
1989
1988
1849
1848
1847
1846
2029
2046
2077
2047
2078
2117
2118
2152
2153
2119
2120
2299
2298
2297
2296
2416
2295
2415
2459
2473
2505
2506
2597
2598
2599
2600
2548
2507
2508
2474
2460
2417
2418
2300
2302
2303
2304
2305
2306
2307
2308
2309
2310
2311
2419
2420
2312
2313
2314
2315
2316
2317
2157
2158
2159
2160
2161
2162
2163
2164
2165
2166
2167
2168
2085
2053
2031
1875
1874
1873
1872
1876
1999
1877
1878
1879
1880
1881
1882
1883
1884
1885
1765
1764
1763
1762
1710
1709
1672
1673
1586
1484
1485
1486
1483
1585
1584
1482
1481
1480
1479
1337
1338
1339
1340
1341
1397
1398
1399
1400
1307
1291
1262
1223
1195
1163
1052
1053
1054
1055
1056
905
866
779
778
777
776
661
660
775
774
773
659
658
657
656
655
654
653
772
807
811
829
860
812
861
813
862
830
863
864
831
832
865
892
904
903
902
901
900
899
1051
1050
1049
1047
1046
1045
1044
1162
1161
1043
1042
1041
1040
1039
1160
1194
1222
1260
1261
1336
1335
1306
1290
1305
1304
1303
1302
1259
1221
1258
1220
1257
1219
1193
1256
1218
1192
1183
1154
1030
1031
1032
1033
1034
1155
1035
1156
1157
1158
1159
1037
1036
987
988
986
985
984
983
982
981
980
891
858
827
809
805
859
828
810
806
771
652
558
545
482
452
483
517
518
559
560
393
394
306
307
252
172
193
253
395
396
397
308
309
398
399
430
438
455
487
514
486
454
453
485
484
513
519
520
521
522
523
597
598
599
600
601
602
603
604
489
457
440
432
488
456
439
431
400
401
402
433
441
458
490
491
459
492
460
405
404
403
312
313
314
406
407
408
315
316
318
319
409
442
462
495
564
562
494
493
461
528
527
526
525
524
607
606
605
662
663
664
665
780
833
867
906
938
1064
1063
1065
1066
1067
1068
1069
1071
1072
1073
1074
1075
1076
1077
1078
1079
1080
1081
1166
1198
1227
1266
1292
1267
1228
1199
1184
1167
1185
1200
1229
1268
1293
1269
1308
1408
1407
1406
1405
1404
1592
1614
1626
1646
1680
1771
1770
1769
1768
1814
1813
1812
1811
1810
1703
1679
1645
1613
1625
1644
1678
1624
1591
1501
1500
1499
1498
1497
1496
1357
1358
1356
1355
1354
1353
1352
1351
1350
1349
1348
1347
1346
1345
1344
1264
1225
1197
1165
1062
1061
1060
1059
1058
1057
1164
1196
1224
1263
1342
1343
1401
1402
1403
1489
1488
1487
1587
1622
1702
1711
1674
1675
1642
1676
1623
1588
1589
1490
1491
1492
1493
1495
1494
1590
1643
1677
1712
1766
1767
1807
1808
1809
1905
1906
1907
1908
1909
1910
1911
1912
1913
1914
2001
2002
1915
1917
1918
1919
2089
2090
2205
2245
2206
2207
2246
2208
2209
2210
2247
2211
2212
2248
2213
2214
2372
2373
2374
2375
2215
2216
2092
2057
2034
2008
2059
2094
2218
2217
2219
2220
2129
2130
2131
2221
2222
2223
2224
2376
2441
2442
2377
2378
2443
2444
2379
2380
2381
2454
2445
2410
2409
2382
2256
2254
2252
2251
2250
2249
2097
2225
2132
2096
2013
1958
1957
1955
1954
1953
2012
2011
1952
1951
2010
1950
1949
1948
1947
1946
1945
1943
1942
1941
1940
1939
1938
1937
1936
1935
1934
1981
1932
1931
1930
1929
1928
1927
1926
1925
1923
1980
1922
1921
2006
2005
2004
1920
1815
1647
1681
1713
1714
1715
1716
1717
1773
1774
1775
1777
1816
1778
1779
1817
1780
1781
1782
1818
1783
1784
1819
1785
1786
1787
1788
1789
1790
1820
1821
1822
1684
1649
1628
1685
1599
1546
1548
1549
1282
993
1124
1179
1178
1280
1279
1278
1236
1206
1176
1177
1123
1122
1121
1120
1119
1118
1117
1377
1378
1379
1314
1315
1316
1380
1545
1544
1543
1542
1541
1540
1539
1598
1627
1683
1648
1537
1536
1535
1534
1416
1533
1532
1531
1530
1529
1528
1527
1573
1526
1525
1524
1523
1522
1521
1520
1519
1518
1572
1517
1516
1514
1513
1512
1511
1597
1596
1682
1595
1510
1509
1594
1593
1508
1506
1505
1504
1503
1502
1359
1360
1361
1271
1270
1230
1201
1169
1170
1090
1091
1092
1093
1094
1095
1096
1171
1202
1231
1272
1294
1363
1362
1364
1365
1409
1410
1309
1366
1367
1368
1295
1274
1203
1233
1310
1411
1412
1413
1414
1369
1370
1371
1372
1373
1374
1375
1376
1415
1275
1234
1276
1311
1312
1313
1277
1205
1235
1204
1186
1175
1116
1115
1114
1174
1173
1113
1112
1111
1110
1109
1108
1107
1106
1105
1104
1103
1102
1172
1100
1099
1097
1098
948
949
950
951
952
953
954
955
956
881
882
797
711
712
798
713
714
799
817
844
920
883
884
818
845
885
886
846
819
800
715
716
717
718
719
720
721
722
723
724
725
728
727
726
802
801
820
847
887
957
958
959
960
961
962
888
731
759
623
622
621
620
619
618
617
616
615
614
613
575
574
573
572
571
570
569
543
506
425
347
348
349
350
351
352
353
354
355
426
434
444
472
515
507
473
508
445
435
427
436
446
474
509
428
437
447
475
510
511
512
429
358
359
220
213
209
162
163
57
56
55
54
53
138
137
136
52
50
51
135
134
133
49
132
48
161
182
207
183
208
269
268
228
267
266
219
212
181
206
227
226
345
424
423
343
342
422
421
420
341
340
339
338
337
336
415
414
413
467
500
501
468
416
417
418
419
469
502
470
503
540
541
542
504
471
505
547
710
709
708
707
706
705
704
703
702
701
700
699
698
796
795
794
793
792
791
790
789
788
839
876
877
840
878
841
879
842
843
880
919
918
917
916
915
914
913
912
911
910
909
874
816
837
873
945
946
947
1089
1088
1087
1086
1085
1084
1083
1082
1168
944
943
872
992
991
990
815
681
680
679
678
677
676
675
673
671
670
669
668
667
666
781
782
783
835
870
869
834
868
907
908
939
940
941
942
871
836
814
784
672
609
610
611
612
546
496
463
565
566
682
683
684
685
785
686
687
688
689
690
786
787
691
692
694
695
696
697
539
538
537
536
535
534
533
532
531
530
529
499
466
465
498
497
464
443
410
411
412
335
334
333
332
331
330
329
328
327
325
324
323
322
320
196
175
197
198
176
199
177
178
200
224
202
218
265
203
277
225
204
179
205
180
131
47
46
130
45
129
43
42
128
160
40
127
39
38
126
37
36
124
35
34
123
159
33
32
121
174
195
262
261
260
259
258
257
256
255
254
194
173
166
158
113
114
29
117
118
119
120
30
116
115
112
111
110
109
28
27
108
107
26
25
24
105
23
22
103
102
21
20
157
192
171
191
223
250
249
305
304
217
189
170
190
155
156
98
99
100
19
18
97
17
96
95
94
93
16
92
91
90
14
154
188
216
238
239
240
241
243
244
245
246
247
248
302
301
451
481
595
651
770
857
898
937
855
826
808
825
854
897
896
936
935
934
933
925
895
853
824
890
852
851
823
763
641
764
765
766
642
643
644
645
646
647
648
767
768
769
650
649
556
555
554
553
299
298
297
296
295
294
480
450
293
392
449
478
479
544
640
639
638
637
636
635
633
632
758
631
630
756
755
754
753
752
751
750
762
749
748
747
746
745
744
743
742
741
761
740
739
738
737
736
735
734
733
732
760
730
729
567
568
576
624
577
578
625
579
580
581
626
583
584
627
585
586
587
628
588
589
629
590
591
548
592
549
550
593
551
552
516
477
448
476
391
291
234
235
290
289
288
287
286
285
284
386
283
282
385
384
383
382
381
380
379
390
378
377
376
375
374
373
372
371
370
389
369
367
366
365
364
363
362
361
360
388
357
356
346
344
326
321
317
311
310
387
303
300
292
275
242
251
276
263
264
201
278
270
279
280
271
272
281
210
167
229
273
231
232
274
233
184
185
168
186
222
236
237
215
211
187
169
152
153
85
87
88
13
84
83
12
82
81
80
11
10
9
79
151
78
8
7
77
6
5
4
3
76
74
73
72
2
71
70
148
68
67
1
0
66
64
63
147
146
145
144
62
150
143
61
142
141
60
140
139
59
58
44
41
125
122
31
106
104
101
89
15
86
149
75
69
65
164
165
214
221
230
368
582
757
889
803
804
634
594
557
596
561
563
608
674
693
838
875
989
926
963
994
964
965
995
966
967
968
996
969
970
997
971
972
973
998
974
975
999
1139
1141
976
977
928
978
929
931
979
932
848
821
849
923
822
850
924
893
894
1013
1015
1149
1150
1151
1016
1017
1018
1251
1214
1250
1213
1249
1212
1248
1301
1300
1299
1298
1297
1247
1211
1245
1209
1187
1208
1244
1389
1424
1425
1426
1427
1429
1430
1431
1432
1433
1435
1434
1391
1390
1296
1288
1246
1210
1188
1181
1146
1147
1148
1012
1011
1010
1009
1145
1144
1008
1007
1005
1004
1143
1207
1243
1242
1241
1287
1324
1323
1565
1566
1567
1611
1568
1569
1570
1571
1419
1420
1422
1423
1421
1575
1574
1615
1634
1663
1699
1705
1796
1795
1794
1698
1661
1632
1726
1697
1660
1659
1696
1793
1973
1972
2017
2037
2064
2101
2065
2102
2138
2230
2229
2100
2063
2036
2016
1969
1970
1971
1968
1967
1966
1965
1964
1963
1962
1961
1960
1959
1956
1944
1933
2007
2009
2014
2015
2062
2099
2061
2098
2133
2128
2095
2060
2035
2058
2093
2091
2056
2033
2088
2055
2003
1924
1916
1892
1772
1776
1791
1792
1718
1719
1720
1721
1722
1723
1695
1658
1631
1657
1694
1656
1693
1692
1655
1691
1654
1630
1653
1690
1689
1652
1651
1688
1650
1629
1687
1686
1600
1601
1602
1603
1604
1605
1606
1607
1608
1609
1564
1563
1562
1561
1560
1559
1558
1557
1556
1555
1554
1553
1552
1551
1550
1547
1538
1515
1507
1319
1318
1253
1265
1226
1232
1273
1237
1281
1320
1238
1283
1321
1381
1382
1383
1417
1384
1385
1418
1386
1387
1322
1285
1239
1286
1240
1138
1137
1136
1135
1134
1133
1132
1131
1142
1130
1129
1128
1127
1126
1125
1101
1070
1048
1038
856
930
922
921
927
1000
1001
1002
1003
1140
1014
1006
1180
1284
1317
1388
1325
1326
1428
1610
1633
1662
1724
1704
1725
2019
1829
1834
1862
1869
2000
1998
1996
1991
2076
2051
2082
2123
2124
2125
2180
2127
2335
2428
2422
2318
2301
2292
2145
2144
2135
2112
2038
2068
2253
2255
2257
2411
2448
2412
2534
2544
2545
2502
2476
2511
2552
2557
2520
2484
2369
2383
2384
2385
2386
2137
2226
2227
2228
2393
2392
2391
2390
2389
2388
2387
2446
2466
2494
2533
2643
2642
2659
2636
2770
2757
2750
2743
2854
2850
2846
2693
2682
2874
2955
2973
2944
2920
2924
2956
2960
2961
3021
3026
2935
2909
2892
2864
2780
2790
2795
2801
2807
2808
2809
2810
2811
2812
2813
2814
2815
2816
2817
2818
2660
2661
2662
2663
2543
2535
2495
2467
2455
2447
2456
2468
2536
2496
2449
2457
2469
2497
2537
2645
2646
2644
2671
2670
2669
2668
2667
2666
2665
2664
2826
2825
2824
2823
2822
2821
2820
2819
2872
2894
2912
2940
2871
2893
2911
2939
3059
3058
3057
3056
3051
3048
3212
3219
3229
3230
3231
3232
3233
3234
3235
3236
3237
3303
3321
3346
3379
3510
3509
3508
3507
3506
3505
3499
3495
3413
3484
3481
3480
3457
3454
3450
3365
3333
3315
3291
3375
3340
3297
3198
3189
3185
3181
3176
3167
3154
3143
3139
3133
3129
3276
3270
3266
3243
3382
3351
3514
3701
3746
3849
3880
3967
3815
3819
3712
3715
3720
3723
3726
3582
3592
3606
3613
3620
3627
3632
3636
3643
3650
3661
3664
3670
3672
3673
3674
3675
3676
3745
3781
3810
3847
3862
3848
3879
4018
4017
3951
3950
3949
3947
3943
3934
3929
3926
3922
3919
3916
3870
3869
3827
3796
3794
3825
4019
4037
4044
4046
4053
4056
4065
4075
4082
4086
4095
4103
4110
4117
4125
4133
4141
4148
4163
4169
4173
4183
4261
4277
4299
4311
4327
4241
4187
4188
4189
4190
4191
4192
4193
4242
4300
4328
4446
4445
4444
4443
4442
4482
4481
4431
4427
4410
4406
4400
4390
4385
4377
4370
4366
4358
4351
4347
4345
4464
4518
4523
4532
4539
4548
4553
4558
4564
4573
4578
4581
4593
4588
4688
4731
4765
4807
4818
4694
4624
4627
4628
4629
4630
4631
4632
4633
4634
4701
4702
4635
4636
4637
4638
4447
4448
4449
4450
4451
4452
4312
4329
4453
4454
4455
4456
4457
4458
4459
4301
4262
4278
4302
4460
4461
4462
4463
4303
4279
4263
4246
4217
4216
4215
4214
4213
4212
4245
4244
4211
4210
4209
4208
4207
4206
4205
4204
4203
4202
4243
4201
4200
4199
4198
4197
4196
4195
4194
3952
3953
3850
3811
3782
3747
3686
3687
3685
3684
3683
3682
3681
3680
3679
3678
3677
3511
3512
3513
3515
3516
3517
3380
3419
3518
3519
3520
3521
3522
3523
3524
3381
3347
3322
3305
3256
3255
3254
3253
3252
3251
3250
3249
3248
3247
3304
3246
3245
3244
3242
3241
3240
3239
3238
3060
3061
3062
3063
3064
3065
3066
3067
3068
3069
2941
2913
2895
2873
2827
2828
2829
2830
2831
2832
2833
2875
2876
2877
2834
2835
2836
2878
2879
2672
2948
2947
2896
2915
2946
2945
2914
2943
2942
3071
3070
3072
3073
2974
2975
2976
3095
3094
3093
3092
3267
3307
3263
3262
3261
3260
3259
3258
3257
3306
3323
3348
3383
3525
3526
3527
3420
3384
3349
3385
3421
3422
3423
3424
3528
3529
3530
3531
3710
3750
3761
3786
3816
3979
3980
3981
3982
3983
3984
3985
3986
4035
4034
4033
4032
4031
4030
4029
4028
4027
4026
4025
4024
3978
3977
3976
3975
3864
3863
3852
3813
3784
3759
3853
3854
3814
3785
3760
3749
3709
3708
3546
3707
3706
3705
3704
3703
3702
3700
3699
3698
3697
3696
3695
3694
3693
3692
3691
3690
3689
3688
3748
3783
3812
3851
3954
3955
3956
3957
3958
3959
3960
3961
3962
3963
3964
3965
3966
3968
3969
3970
3971
3972
3973
3974
4020
4021
4022
4023
4465
4330
4331
4332
4333
4334
4335
4336
4280
4264
4247
4218
4036
4038
4039
4040
4041
4042
4043
4045
3987
3988
3989
3990
3991
3992
3993
3994
3881
3882
3883
3884
3885
3886
3822
3791
3766
3716
3561
3562
3563
3564
3565
3566
3567
3568
3569
3570
3571
3572
3573
3574
3575
3718
3768
3755
3717
3767
3792
3823
3894
3893
3892
3891
3890
3889
3887
3888
4223
4222
4221
4267
4251
4283
4316
4315
4314
4313
4350
4349
4348
4249
4266
4250
4220
4052
4051
4050
4049
4048
4047
4219
4248
4265
4282
4281
4346
4344
4343
4342
4341
4340
4339
4338
4337
4501
4500
4499
4498
4497
4496
4495
4494
4493
4492
4491
4486
4483
4484
4485
4487
4488
4489
4490
4661
4717
4747
4788
4874
4875
4876
4877
4878
4879
4789
4748
4718
4663
4502
4503
4664
4665
4710
4720
4793
4792
4751
4709
4719
4750
4791
4836
4749
4790
4846
4968
4969
4970
4971
4972
5012
5011
5010
5009
5008
5128
5129
5130
5131
5132
5133
5264
5227
5263
5262
5226
5193
5225
5261
5260
5224
5192
5181
5127
5125
5180
5191
5223
5259
5302
5258
5222
5189
5179
5007
5006
5005
5004
5001
4999
5123
5000
5002
5003
4873
4872
4871
4870
4869
4868
4867
4866
4967
4966
4965
4834
4786
4746
4833
4785
4745
4705
4707
4835
4708
4660
4659
4658
4657
4656
4655
4654
4653
4652
4651
4650
4649
4648
4647
4646
4645
4644
4643
4642
4641
4640
4639
4703
4784
4831
4864
4955
4956
4957
4958
4959
4960
4961
4962
4963
4964
5117
5116
5115
5114
5113
5112
5175
5217
5256
5298
5416
5415
5414
5413
5412
5411
5410
5546
5547
5548
5549
5828
5798
5797
5827
5826
5553
5545
5544
5543
5468
5409
5408
5467
5400
5460
5459
5339
5456
5455
5531
5527
5446
5445
5444
5323
5443
5320
5316
5346
5314
5221
5219
5176
5126
5190
5228
5196
5305
5271
5232
5199
5135
5143
5282
5309
5287
5246
5207
5156
5165
5088
5095
5124
5100
5101
5102
5103
5104
5105
5106
5107
5108
5109
5110
5111
4954
4953
4952
4951
4950
4830
4829
4783
4744
4700
4699
4781
4826
4782
4827
4863
4862
4949
4948
4947
4946
4861
4928
4924
4912
4908
4903
4897
4894
4888
4887
4847
4845
4787
4666
4662
4706
4704
4828
4832
4865
4998
5220
5301
5348
5349
5423
5469
5470
5471
5472
5473
5475
5477
5552
5554
5555
5607
5608
5609
5615
5677
5729
5726
5604
5678
5780
5829
5932
6113
6220
6341
6552
6657
6807
6798
6759
6660
6667
6760
6761
6678
6691
6693
6756
6702
6706
6712
6713
6716
6725
6726
6727
6728
6758
6729
6730
6731
6732
6733
6734
6735
6736
6737
6738
6739
6740
6741
6799
6797
6796
6824
6851
6890
6891
6852
6825
6826
6853
6892
6906
6893
6854
6827
6828
6855
6894
6895
6829
6856
6830
6896
6857
6897
6858
6831
6832
6859
6898
6860
6806
6805
6804
6803
6802
6801
6800
6742
6743
6744
6745
6746
6747
6748
6749
6750
6751
6752
6753
6607
6606
6656
6605
6604
6655
6603
6602
6601
6654
6600
6599
6653
6598
6597
6596
6652
6595
6594
6651
6592
6591
6590
6623
6588
6587
6611
6581
6539
6393
6227
6230
6337
6247
6250
6254
6257
6261
6276
6278
6287
6293
6338
6308
6309
6312
6313
6314
6315
6316
6317
6318
6339
6319
6320
6321
6322
6323
6324
6325
6326
6327
6340
6328
6329
6330
6331
6332
6333
6334
6394
6540
6578
6608
6492
6406
6443
6444
6493
6553
6579
6580
6494
6445
6407
6344
6229
6228
6226
6225
6224
6223
6343
6342
6222
6221
6335
6165
6126
6160
6063
6159
6125
6112
6158
6157
6188
6219
6187
6218
6186
6185
6184
6217
6183
6182
6216
6181
6178
6173
6203
6171
6170
6194
6169
6129
6156
6124
6062
6018
5994
5989
5995
5937
5983
5830
5836
5841
5851
5855
5929
5861
5865
5871
5874
5877
5795
5815
5890
5901
5910
5912
5930
5913
5914
5915
5916
5917
5918
5919
5920
5921
5931
5922
5923
5924
5925
5926
6060
6111
6061
5984
5927
5928
5985
5986
5987
5988
5933
5831
5832
5833
5834
5935
5934
6019
6065
6017
6064
6127
6128
6161
6162
6066
6020
5835
5783
5681
5682
5635
5484
5483
5482
5481
5480
5479
5558
5610
5634
5680
5730
5744
5743
5742
5679
5633
5556
5557
5478
5551
5550
5606
5605
5630
5675
5631
5676
5632
5728
5782
5781
5727
5629
5417
5418
5419
5420
5299
5257
5218
5177
5118
5119
5120
5121
5122
5178
5300
5315
5421
5422
5347
5350
5351
5352
5353
5354
5355
5356
5357
5424
5425
5426
5427
5428
5429
5430
5431
5432
5433
5317
5318
5319
5490
5489
5488
5487
5486
5485
5559
5560
5561
5562
5616
5638
5685
5684
5637
5636
5683
5745
5746
5747
5784
5686
5639
5640
5687
5617
5641
5688
5749
5748
5846
5847
5848
5943
5942
5941
5940
5939
5845
5844
5843
5842
5840
5839
5838
5837
5936
6021
6067
6130
6166
6167
6068
6022
5996
5938
6023
6069
6163
6131
6070
6024
6071
5997
6072
6025
6026
6073
6132
6133
6168
6164
6075
6028
6074
6027
5998
5944
5850
5849
5852
5853
5854
5856
5857
5858
5945
5946
5947
5990
6000
6032
6114
6079
6031
6078
6077
6030
5999
6029
6076
6134
6135
6189
6190
6191
6192
6193
6136
6137
6138
6139
6034
6083
6084
6115
6140
6085
5954
5953
5952
5859
5951
5950
6082
6081
6080
6033
6001
5991
5948
5949
5804
5803
5802
5801
5800
5799
5753
5752
5751
5750
5642
5689
5643
5690
5731
5691
5644
5618
5611
5612
5619
5645
5692
5693
5646
5573
5499
5572
5571
5498
5570
5569
5568
5497
5496
5567
5566
5495
5494
5493
5492
5565
5564
5563
5491
5434
5435
5436
5437
5438
5321
5358
5269
5197
5268
5267
5266
5230
5265
5303
5229
5194
5182
5134
5183
5195
5136
5013
5137
5014
5138
5184
5198
5231
5270
5304
5439
5440
5441
5442
5322
5359
5360
5361
5362
5274
5235
5202
5142
5024
5023
5022
5021
5020
5019
5018
5017
5016
5141
5140
5201
5234
5273
5306
5272
5233
5200
5185
5139
5015
4889
4890
4891
4892
4893
4895
4896
4798
4725
4756
4799
4757
4726
4672
4673
4758
4800
4727
4759
4801
4849
5025
5026
5027
5028
5144
5029
5030
5031
5032
4901
4900
4899
4898
4802
4760
4728
4676
4677
4678
4762
4804
4803
4761
4850
4851
4902
4904
4905
4906
4838
4852
4907
4909
4910
4911
4805
4763
4729
4680
4563
4562
4561
4560
4559
4557
4679
4556
4555
4554
4552
4551
4550
4549
4547
4546
4545
4544
4543
4542
4541
4675
4674
4540
4538
4537
4536
4535
4534
4533
4531
4530
4529
4671
4724
4797
4755
4670
4723
4754
4796
4848
4837
4722
4753
4795
4886
4885
4884
4883
4882
4881
4880
4794
4752
4721
4667
4505
4504
4506
4507
4508
4509
4510
4511
4512
4513
4514
4515
4516
4517
4519
4668
4669
4520
4521
4522
4524
4525
4526
4527
4528
4357
4356
4355
4354
4353
4352
4284
4268
4252
4224
4054
4055
4057
4058
4059
4060
4061
4062
4063
4064
4066
4067
4069
4068
3865
3866
3895
3896
3897
3898
3867
3793
3824
3856
3868
3899
3900
3901
3902
3826
3795
3769
3724
3903
3904
3905
3906
3907
3828
3770
3797
3771
3798
3829
3908
3909
3910
3911
3871
3830
3799
3831
3912
3913
3914
3915
3917
3918
3995
3920
3923
3921
3834
3801
3773
3833
3832
3800
3772
3730
3731
3619
3621
3622
3623
3624
3625
3626
3628
3629
3630
3631
3732
3774
3802
3836
3857
3835
3996
3997
3998
3872
3999
4124
4234
4233
4123
4122
4121
4120
4119
4118
4116
4115
4114
4113
4232
4306
4291
4272
4256
4112
4111
4109
4108
4107
4106
4105
4104
4102
4101
4100
4231
4230
4099
4098
4097
4096
4094
4093
4092
4091
4090
4089
4088
4087
4229
4085
4084
4083
4081
4080
4079
4078
4077
4076
4074
4073
4072
4071
4070
4228
4227
4226
4225
4253
4285
4269
4254
4270
4286
4287
4288
4317
4359
4360
4361
4362
4363
4364
4365
4367
4368
4369
4304
4318
4371
4372
4373
4374
4375
4376
4378
4379
4466
4467
4319
4305
4289
4271
4255
4290
4380
4381
4566
4565
4567
4568
4569
4570
4571
4572
4468
4382
4383
4384
4386
4469
4470
4320
4387
4388
4389
4391
4392
4393
4292
4273
4257
4293
4321
4394
4579
4580
4582
4689
4583
4584
4585
4586
4587
4589
4590
4591
4592
4405
4404
4403
4402
4401
4399
4398
4397
4396
4395
4323
4322
4307
4294
4235
4236
4126
4127
4128
4129
4130
4131
4132
4134
4135
4136
4137
4138
4139
4140
4142
4143
4144
4145
4146
4004
4003
3931
3930
3928
3927
3875
3874
3925
3924
4002
4001
4000
3873
3733
3633
3634
3635
3837
3838
3803
3734
3735
3736
3637
3638
3639
3640
3641
3642
3644
3645
3646
3647
3648
3649
3651
3652
3738
3776
3805
3840
3859
3737
3775
3804
3839
3858
3876
3932
3933
3935
4005
4006
3877
3936
3937
3938
3939
3940
3941
3942
3860
3878
3841
3842
3806
3777
3740
3669
3671
3668
3667
3666
3665
3663
3662
3739
3660
3659
3658
3657
3656
3655
3654
3653
3544
3490
3489
3488
3543
3487
3486
3542
3485
3412
3411
3374
3339
3373
3483
3482
3410
3409
3408
3372
3338
3371
3337
3370
3369
3479
3478
3477
3476
3475
3474
3473
3472
3471
3470
3469
3468
3467
3466
3407
3406
3405
3404
3403
3402
3363
3463
3464
3462
3461
3460
3459
3458
3401
3362
3331
3361
3283
3284
3142
3144
3145
3146
3147
3148
3149
3150
3151
3152
3285
3286
3287
3332
3364
3366
3334
3335
3367
3336
3368
3465
3618
3617
3616
3615
3614
3612
3611
3610
3609
3608
3607
3729
3728
3605
3604
3603
3602
3601
3600
3727
3725
3599
3598
3597
3596
3595
3594
3593
3591
3590
3589
3588
3587
3456
3455
3453
3452
3451
3586
3585
3584
3583
3722
3721
3581
3580
3579
3578
3577
3719
3576
3537
3536
3309
3278
3002
3003
2921
3001
3000
2999
2998
2997
2996
2995
2994
2993
2992
3113
3114
3115
3116
3117
3118
3119
3120
3277
3121
3122
3123
3124
3308
3388
3445
3444
3443
3397
3358
3442
3441
3440
3439
3438
3437
3436
3435
3560
3559
3558
3557
3556
3555
3554
3553
3552
3714
3754
3765
3790
3821
3820
3789
3764
3753
3713
3752
3763
3788
3855
3818
3817
3787
3762
3751
3711
3547
3548
3549
3550
3551
3532
3429
3428
3427
3426
3425
3393
3352
3392
3386
3350
3324
3311
3268
3269
3096
3097
3098
3099
3100
3271
3312
3325
3353
3387
3394
3533
3534
3535
3430
3431
3395
3396
3354
3326
3355
3327
3356
3432
3433
3434
3357
3328
3313
3275
3112
3111
3110
3109
3108
3107
3106
3274
3273
3272
3105
3104
3103
3102
3101
2982
2983
2984
2985
2986
2987
2917
2898
2883
2918
2988
2989
2990
2991
2919
2899
2884
2845
2698
2697
2696
2695
2694
2844
2843
2692
2691
2690
2689
2688
2687
2686
2685
2684
2683
2681
2680
2679
2678
2677
2676
2675
2674
2842
2980
2981
2979
2978
2977
2916
2897
2882
2840
2841
2673
2581
2546
2503
2501
2580
2579
2578
2577
2576
2575
2574
2573
2572
2649
2648
2647
2571
2570
2539
2499
2538
2498
2470
2450
2451
2452
2540
2500
2471
2453
2258
2407
2406
2405
2404
2403
2402
2401
2400
2399
2398
2397
2396
2395
2394
2139
2134
2104
2067
2103
2066
2018
1974
1975
2105
2113
2136
2106
2020
2021
1976
1977
1978
1979
1823
1824
1825
1826
1827
1828
1982
2023
2039
2069
2107
2114
2070
2040
1830
1727
1728
1729
1730
1731
1732
1733
1734
1735
1736
1737
1738
1664
1635
1616
1700
1665
1636
1617
1612
1576
1436
1437
1438
1577
1439
1440
1441
1578
1442
1443
1444
1445
1446
1447
1448
1449
1450
1451
1579
1618
1637
1667
1745
1744
1743
1742
1741
1666
1739
1740
1798
1797
1839
1838
1837
1836
1835
1833
1832
1831
1983
1984
2026
2043
2073
2074
2044
2027
1986
1985
1840
1841
1842
1843
1844
1845
1987
2028
2045
2075
2109
2116
2241
2294
2293
2291
2290
2289
2288
2287
2286
2240
2239
2238
2237
2151
2150
2149
2148
2147
2146
2072
2042
2025
2024
2041
2071
2108
2115
2236
2235
2143
2142
2234
2233
2141
2140
2232
2231
2259
2260
2261
2262
2263
2264
2265
2266
2267
2268
2269
2270
2271
2413
2272
2273
2274
2275
2276
2277
2278
2279
2280
2281
2283
2285
2284
2282
2414
2458
2472
2504
2541
2582
2583
2584
2585
2586
2650
2651
2547
2587
2588
2589
2590
2591
2592
2593
2594
2595
2596
2699
2700
2701
2702
2703
2704
2705
2706
2707
2708
2709
2710
2711
2712
2713
2714
2716
2715
2602
2601
2603
2604
2605
2606
2549
2509
2475
2510
2550
2607
2608
2609
2610
2611
2551
2513
2512
2477
2421
2423
2319
2320
2321
2322
2323
2324
2424
2425
2426
2427
2429
2430
2327
2326
2325
2169
2170
2171
2172
2173
2174
2175
2086
1886
1887
1888
1889
1890
1891
1893
1894
1895
1896
1897
1898
1899
1900
1901
1902
1904
1903
2188
2187
2186
2185
2184
2183
2182
2181
2179
2178
2177
2176
2331
2332
2333
2334
2336
2337
2338
2339
2340
2341
2342
2436
2461
2524
2488
2435
2434
2487
2523
2486
2522
2563
2564
2620
2621
2622
2623
2624
2625
2525
2526
2489
2462
2438
2439
2463
2490
2527
2626
2627
2628
2629
2630
2652
2653
2631
2632
2565
2542
2528
2491
2464
2440
2362
2361
2360
2359
2358
2357
2356
2355
2354
2353
2352
2351
2350
2349
2348
2437
2347
2346
2345
2344
2343
2189
2190
2191
2192
2193
2194
2195
2196
2197
2198
2199
2200
2087
2054
2032
2111
2126
2201
2202
2203
2204
2244
2363
2364
2365
2529
2634
2633
2654
2762
2761
2763
2764
2765
2766
2767
2768
2769
2771
2772
2773
2774
2837
2775
2776
2777
2778
2779
2781
2782
2783
2784
2838
2785
2786
2789
2788
2787
2656
2655
2635
2366
2367
2368
2370
2371
2408
2657
2637
2638
2658
2530
2465
2492
2531
2493
2532
2566
2567
2568
2569
2639
2640
2641
2867
2868
2869
2870
2938
2937
2954
2936
2910
2866
2865
2806
2805
2804
2803
2802
2800
2799
2798
2797
2796
2839
2794
2793
2792
2791
3046
3045
3089
3044
3043
3088
3042
3041
3040
3087
3039
3038
3086
3037
3036
3035
3034
3033
3032
3031
3030
3029
3028
3027
3025
3024
3023
3022
3020
3019
3018
2933
2862
2934
2908
2891
2863
2760
2759
2758
2756
2755
2754
2753
2752
2751
2749
2748
2747
2746
2745
2861
2744
2742
2741
2740
2739
2738
2737
2736
2735
2860
2931
2890
2907
2932
3017
3016
3015
3014
3013
3012
2966
2965
2930
2906
2858
2859
2734
2733
2732
2731
2730
2619
2618
2617
2616
2562
2561
2521
2485
2519
2483
2433
2432
2330
2329
2328
2431
2482
2518
2560
2559
2517
2481
2516
2480
2479
2515
2478
2514
2613
2612
2614
2615
2553
2554
2555
2556
2558
2727
2726
2725
2724
2723
2722
2721
2853
2720
2718
2719
2852
2851
2717
2849
2848
2847
2885
2900
2923
2949
2922
2957
3074
3075
3076
3077
2958
2950
2959
2951
2925
2901
2886
2880
2926
2902
2887
2881
2888
2903
2927
2952
3079
3078
3132
3131
3130
3281
3128
3127
3126
3125
3279
3280
3329
3359
3398
3446
3447
3389
3399
3448
3449
3538
3539
3541
3540
3400
3390
3360
3330
3314
3282
3134
3135
3136
3137
3138
3140
3141
3080
3081
3004
3005
3006
3007
3008
3009
3082
3083
3084
3085
2962
2953
2928
2904
2889
2855
2728
2729
2857
2856
2905
2929
2963
2964
3010
3011
3153
3155
3156
3288
3289
3290
3157
3158
3159
3160
3161
3162
3163
3164
3165
3166
3168
3169
3170
3171
3172
3173
3174
3175
3177
3178
3179
3180
3182
3292
3183
3184
3293
3294
3186
3187
3188
3190
3191
3192
3295
3296
3193
3194
3264
3195
3196
3197
3199
3200
3201
3202
3203
3204
3265
3205
3206
3207
3208
3209
3491
3492
3545
3493
3494
3496
3497
3376
3316
3310
3341
3414
3498
3500
3501
3415
3377
3342
3378
3343
3317
3298
3299
3225
3226
3228
3227
3224
3223
3222
3221
3220
3218
3217
3216
3215
3214
3213
3211
3210
3047
3090
3049
3050
3091
3052
3053
3054
3055
2967
2968
2969
2970
2971
2972
3302
3301
3300
3318
3344
3319
3345
3320
3418
3417
3416
3391
3502
3503
3504
3742
3743
3744
3846
3845
3809
3780
3758
3844
3808
3779
3757
3741
3756
3778
3807
3843
3861
3948
3946
3945
3944
4007
4008
4009
4010
4011
4012
4013
4014
4015
4016
4186
4185
4184
4182
4181
4240
4180
4179
4178
4177
4176
4175
4174
4260
4276
4298
4310
4326
4438
4439
4440
4441
4626
4625
4480
4479
4478
4477
4437
4436
4435
4434
4433
4432
4476
4475
4325
4309
4297
4275
4259
4239
4172
4171
4170
4168
4167
4166
4165
4164
4238
4162
4161
4160
4159
4158
4157
4156
4155
4154
4153
4152
4151
4150
4149
4147
4237
4258
4274
4295
4308
4409
4408
4407
4471
4472
4324
4411
4412
4413
4414
4415
4416
4417
4418
4419
4420
4421
4296
4422
4423
4424
4425
4426
4428
4429
4430
4473
4474
4618
4619
4620
4621
4622
4623
4696
4740
4777
4821
4844
4822
4778
4741
4714
4697
4715
4742
4779
4823
4698
4716
4743
4780
4824
4825
4997
4996
4995
4994
4993
4992
4991
4990
4989
4988
4945
4944
4943
5087
5086
5085
5084
5083
5170
5082
4942
4941
4939
4940
4820
4776
4739
4695
4617
4616
4615
4614
4613
4612
4611
4610
4609
4693
4608
4607
4606
4605
4692
4738
4775
4819
4843
4860
4938
4937
4987
4986
4936
4935
4859
4985
4984
5068
5168
5066
5067
5069
5070
5071
5072
5073
5074
5075
5076
5077
5078
5079
5080
5081
5169
5214
5253
5293
5294
5396
5539
5673
5723
5722
5672
5628
5614
5603
5613
5627
5671
5721
5741
5779
5740
5720
5670
5626
5669
5719
5778
5820
5821
5796
5822
5823
5824
5825
5906
5907
5908
5909
5981
6109
6058
6057
6016
6108
6180
6179
6175
6174
6176
6177
6107
6056
6015
5980
5904
5905
5903
5902
5900
5899
5898
5897
5979
5978
5977
5976
5975
5974
6014
6051
6102
6103
6052
6053
6104
6105
6054
6055
6106
6154
6153
6152
6151
6150
6149
6215
6214
6122
6101
6050
6013
5972
5971
5970
5885
5886
5887
5888
5889
5973
5891
5892
5893
5894
5895
5896
5819
5818
5817
5816
5776
5777
5739
5718
5668
5625
5717
5738
5667
5624
5599
5532
5533
5600
5601
5534
5535
5602
5536
5537
5538
5395
5394
5393
5392
5391
5390
5389
5388
5387
5386
5385
5384
5341
5458
5457
5340
5311
5310
5292
5252
5213
5166
5167
5065
5064
5063
5062
4982
4983
4929
4930
4931
4932
4933
4934
4816
4773
4736
4842
4817
4774
4737
4691
4604
4603
4602
4601
4600
4599
4598
4597
4596
4595
4594
4690
4713
4735
4772
4815
4841
4927
4926
4925
4923
4922
4921
4858
4814
4771
4813
4812
4770
4734
4712
4687
4686
4685
4577
4684
4683
4576
4575
4574
4682
4681
4730
4764
4806
4839
4918
4916
4914
4913
4915
4917
4919
4920
4973
4974
4975
4976
4853
4808
4766
4732
4767
4809
4854
4855
4856
4810
4768
4733
4711
4769
4811
4840
4857
4977
4978
4979
4980
4981
5161
5162
5210
5248
5209
5247
5208
5288
5245
5206
5188
5160
5286
5244
5205
5187
5159
5158
5157
5186
5204
5242
5284
5243
5285
5308
5335
5334
5377
5376
5375
5374
5371
5372
5373
5283
5241
5203
5155
5051
5050
5049
5048
5047
5046
5045
5044
5043
5042
5041
5040
5039
5154
5038
5153
5152
5037
5036
5035
5034
5033
5146
5147
5148
5149
5150
5151
5239
5279
5280
5240
5281
5333
5332
5331
5330
5329
5328
5278
5238
5237
5277
5327
5326
5325
5276
5236
5145
5275
5370
5369
5368
5367
5324
5307
5364
5363
5365
5366
5505
5579
5578
5577
5576
5504
5503
5502
5501
5500
5574
5575
5647
5694
5754
5755
5695
5648
5649
5696
5756
5757
5758
5732
5697
5650
5651
5698
5759
5785
5860
5862
6002
6035
6086
6087
6116
6036
6003
5955
5863
5864
5760
5761
5700
5733
5701
5653
5620
5582
5581
5699
5652
5580
5506
5507
5508
5583
5584
5621
5654
5702
5734
5762
5805
5806
5807
5808
5809
5810
5763
5764
5703
5655
5704
5656
5585
5509
5510
5511
5512
5586
5735
5765
5788
5789
5811
5812
5813
5814
5790
5791
5792
5766
5736
5705
5657
5622
5587
5513
5514
5515
5516
5517
5518
5519
5520
5521
5588
5447
5448
5449
5450
5451
5452
5453
5454
5336
5337
5378
5379
5380
5338
5289
5249
5163
5055
5052
5053
5054
5056
5057
5058
5059
5060
5061
5164
5212
5251
5291
5290
5250
5211
5381
5382
5383
5530
5529
5528
5596
5597
5598
5713
5714
5664
5665
5715
5666
5716
5787
5775
5774
5773
5786
5772
5771
5770
5769
5768
5767
5660
5709
5710
5661
5662
5711
5737
5712
5663
5526
5595
5594
5593
5592
5525
5524
5523
5522
5589
5590
5591
5659
5708
5707
5623
5658
5706
5794
5793
5878
5879
5964
6008
6043
6094
6145
6118
6093
6042
6007
5963
5876
5962
5875
5961
5960
5873
5872
5870
5869
5868
5867
5957
6089
6038
6004
5866
5956
6037
6088
6141
6196
6195
6197
6198
6263
6264
6265
6266
6267
6361
6360
6359
6262
6358
6357
6260
6259
6258
6256
6255
6356
6456
6505
6504
6455
6417
6398
6355
6503
6454
6416
6397
6354
6502
6453
6415
6396
6353
6352
6253
6252
6251
6249
6351
6350
6412
6450
6499
6500
6451
6413
6414
6395
6452
6501
6543
6612
6613
6614
6615
6616
6617
6618
6619
6620
6621
6622
6556
6506
6507
6418
6457
6508
6458
6419
6459
6509
6557
6510
6460
6420
6511
6544
6461
6421
6399
6362
6400
6422
6462
6512
6363
6268
6142
6090
6040
6091
6039
5958
5959
6005
6006
6041
6092
6117
6143
6200
6199
6201
6202
6204
6205
6144
6172
6206
6207
6208
6209
6146
6095
6044
6096
6045
6009
6097
6046
6010
6047
6098
6119
6147
6210
6211
6148
6120
5992
5967
5966
5965
5880
5881
5882
5883
5884
5968
5969
5993
6011
6099
6048
6121
6012
6049
6100
6212
6213
6282
6283
6281
6375
6376
6377
6284
6285
6286
6288
6289
6290
6291
6292
6381
6380
6379
6378
6435
6479
6527
6480
6436
6528
6481
6529
6551
6530
6482
6437
6405
6483
6531
6570
6649
6648
6569
6714
6715
6717
6757
6719
6718
6572
6571
6532
6484
6438
6386
6385
6384
6383
6382
6294
6295
6296
6297
6298
6299
6300
6301
6302
6389
6388
6387
6439
6535
6487
6486
6534
6485
6533
6573
6574
6593
6650
6720
6721
6722
6723
6575
6537
6489
6536
6488
6390
6304
6303
6305
6306
6307
6110
6059
5911
5724
5674
5540
5404
5403
5402
5401
5342
5462
5461
5399
5398
5397
5312
5295
5254
5215
5171
5089
5090
5091
5092
5093
5094
5255
5313
5296
5216
5172
5096
5097
5098
5099
5173
5174
5297
5343
5463
5464
5465
5466
5405
5406
5407
5344
5345
5474
5476
5542
5541
5725
5982
6123
6155
6311
6310
6392
6391
6440
6490
6441
6491
6442
6538
6577
6576
6724
6823
6885
6886
6850
6791
6792
6793
6794
6795
6888
6887
6905
6930
6931
6932
6933
6934
7093
7091
7090
7089
7088
7162
7163
7164
7165
7288
7268
7252
7221
7192
7161
7160
7087
7085
7084
7083
7082
7081
7080
7079
7130
7078
7077
7076
7075
6983
6952
6951
6982
7073
7072
7071
7070
7069
7129
7068
7067
6981
6950
6979
7065
7064
7063
7062
7061
7060
7128
7059
7058
7159
7158
7157
7156
7057
6977
6978
6929
6884
6883
6849
6822
6821
6848
6882
6904
6948
6976
6975
6928
6927
6926
6846
6880
6881
6903
6847
6820
6809
6787
6786
6785
6703
6704
6705
6707
6788
6708
6709
6789
6790
6710
6711
6566
6567
6646
6647
6568
6550
6526
6478
6434
6525
6477
6524
6476
6523
6475
6433
6374
6280
6279
6373
6372
6371
6370
6429
6471
6430
6472
6431
6473
6521
6432
6474
6522
6549
6565
6645
6644
6564
6563
6562
6561
6548
6520
6470
6428
6404
6369
6368
6367
6277
6275
6274
6273
6272
6271
6270
6269
6365
6364
6424
6423
6401
6463
6513
6514
6545
6464
6425
6465
6515
6558
6635
6634
6633
6632
6631
6630
6629
6628
6627
6626
6625
6624
6692
6772
6773
6774
6694
6695
6696
6775
6776
6777
6778
6697
6698
6699
6700
6589
6636
6559
6516
6466
6366
6402
6426
6467
6517
6546
6518
6468
6403
6427
6469
6519
6547
6560
6637
6638
6639
6640
6642
6643
6641
6701
6782
6783
6784
6845
6879
6878
6844
6877
6924
6925
6974
6972
6923
6922
6901
6902
6876
6781
6780
6779
6819
6843
6875
6921
6920
6919
6918
6874
6842
6873
6841
6818
6872
6840
6871
6917
6971
6970
6969
6968
6967
6966
6916
6771
6817
6839
6870
6900
6945
6915
6869
6868
6838
6816
6768
6769
6770
6690
6689
6688
6687
6686
6685
6767
6766
6684
6683
6682
6681
6680
6679
6764
6763
6762
6677
6676
6675
6674
6673
6672
6671
6755
6670
6669
6941
6965
6940
6964
6939
6863
6811
6555
6542
6498
6449
6411
6349
6248
6246
6245
6244
6348
6410
6448
6497
6496
6447
6409
6347
6243
6242
6241
6240
6239
6238
6237
6236
6235
6336
6234
6233
6232
6231
6346
6345
6408
6446
6495
6541
6554
6658
6659
6661
6662
6754
6663
6609
6582
6583
6584
6610
6585
6586
6664
6665
6666
6668
6963
6938
6937
6962
6961
6936
6960
6996
6997
6998
6999
7124
7001
7002
7003
7004
7005
7006
7007
7008
7009
7125
7011
7012
7013
7014
7015
7016
7017
7018
7019
7126
7021
7022
7023
7024
7025
7027
7028
6942
6943
6864
6899
6911
6912
6913
6865
6834
6866
6835
6812
6808
6765
6813
6836
6814
6815
6837
6867
6914
7035
7034
7138
7137
7136
7135
7033
7032
7031
7030
7029
7134
7183
7206
7235
7236
7207
7237
7238
7208
7270
7271
7272
7273
7274
7275
7239
7211
7186
7210
7185
7209
7184
7139
7140
7037
7265
7276
7240
7212
7187
7141
7142
7039
7040
7041
7042
7143
7144
7043
7044
7045
7145
7146
7188
7213
7241
7266
7277
7342
7343
7344
7345
7346
7278
7347
7348
7349
7351
7353
7350
7279
7147
7148
7047
7149
7049
7150
7151
7179
7189
7215
7243
7267
7214
7242
7280
7281
7282
7354
7355
7356
7357
7358
7430
7429
7428
7427
7426
7425
7424
7530
7529
7423
7422
7421
7528
7527
7526
7420
7419
7418
7525
7524
7523
7586
7620
7621
7587
7565
7622
7588
7647
7659
7658
7657
7656
7726
7725
7655
7654
7653
7616
7582
7583
7617
7618
7584
7646
7619
7585
7564
7560
7417
7416
7521
7520
7519
7415
7414
7413
7412
7411
7410
7409
7408
7407
7406
7405
7404
7403
7517
7559
7561
7613
7581
7562
7563
7614
7652
7722
7689
7690
7723
7691
7724
7692
7792
7791
7790
7907
7948
7966
8015
8075
8014
8074
8121
8122
8076
8016
7967
7908
7793
7794
7795
7796
7797
7799
7800
7801
7804
7805
7806
7803
7802
7909
8017
8077
8155
8156
8123
8157
8158
8159
8172
8079
7968
8080
7970
8082
7810
7809
7808
7660
7623
7624
7589
7566
7531
7532
7534
7535
7536
7431
7432
7433
7434
7537
7627
7626
7591
7567
7590
7625
7661
7662
7822
7820
7819
7818
7817
7816
7814
7813
7812
7811
7971
8083
8084
8020
7911
7913
8021
8085
8125
8126
8160
8161
8127
8128
8129
8162
8173
8130
8131
8132
8133
8163
8164
7976
8029
8091
8165
8166
8261
8260
8363
8364
8263
8264
8319
8265
8266
8267
8268
8269
8270
8168
8167
8093
8031
7978
7923
7924
7925
7979
8032
8094
7927
7928
7980
8033
8095
8096
7981
8034
8097
8035
7929
7852
7851
7850
7849
7847
7846
7845
7844
7843
7842
7841
7840
7838
7837
7836
7835
7922
7834
7833
7832
7831
7829
7920
7975
8028
7974
8027
7973
7949
8026
8090
8089
8025
8087
8023
8022
8086
7914
7915
7916
7823
7824
7825
7826
7827
7917
7918
7919
7828
7727
7693
7663
7673
7630
7629
7593
7594
7538
7442
7441
7440
7439
7438
7437
7435
7312
7245
7191
7217
7244
7216
7190
7180
7152
7153
7051
7052
7053
7154
7054
7055
7056
7155
7246
7218
7247
7248
7283
7284
7249
7285
7313
7359
7314
7315
7360
7316
7250
7318
7361
7319
7320
7362
7322
7323
7324
7363
7325
7326
7364
7327
7219
7220
7251
7286
7287
7475
7476
7477
7544
7543
7596
7633
7632
7542
7541
7473
7472
7471
7469
7468
7467
7466
7511
7465
7464
7463
7462
7460
7459
7458
7457
7456
7510
7455
7454
7453
7452
7450
7449
7448
7447
7446
7509
7444
7443
7694
7728
7695
7696
7729
7697
7698
7699
7730
7700
7701
7731
7702
7703
7704
7732
7705
7706
7733
7708
7709
7664
7665
7666
7734
7858
7857
7932
7984
8039
8100
8136
8135
7983
8038
7982
7931
7855
7854
7853
7930
8037
8099
8134
8169
8170
8283
8282
8281
8279
8278
8277
8371
8370
8369
8276
8275
8368
8367
8274
8273
8271
8272
8366
8389
8422
8423
8474
8534
8533
8591
8608
8590
8589
8607
8588
8531
8530
8472
8421
8420
8471
8529
8419
8470
8528
8527
8469
8418
8360
8361
8362
8259
8258
8257
8256
8255
8254
8253
8252
8358
8417
8468
8526
8587
8586
8565
8525
8467
8524
8466
8416
8356
8357
8250
8251
8249
8248
8247
8246
8245
8244
8355
8415
8465
8523
8464
8522
8414
8354
8243
8242
8241
8240
8353
8413
8463
8521
8352
8239
8238
8237
8350
8349
8348
8236
8235
8234
8347
8411
8459
8517
8460
8518
8461
8519
8412
8462
8520
8564
8563
8562
8685
8684
8808
8687
8688
8689
8690
8809
8691
8693
8694
8695
8696
8697
8698
8700
8699
8812
8811
8810
8864
8904
8957
8863
8903
8956
9026
9025
8994
8955
8902
8901
8862
8954
8953
8900
8861
8899
8860
8952
8951
8898
8859
8804
8676
8677
8678
8805
8806
8807
8683
8682
8681
8679
8516
8458
8410
8346
8233
8232
8231
8345
8230
8229
8228
8344
8409
8457
8514
8408
8456
8513
8512
8455
8407
8342
8226
8225
8224
8318
8223
8222
8220
8219
8218
8153
8152
8120
8071
8011
7964
7904
8072
8012
8073
8013
7965
7906
7789
7787
7786
7785
7784
7905
7783
7782
7781
7780
7779
7903
7777
7776
7902
8009
8069
8010
8070
8118
8119
8150
8151
8603
8582
8604
8583
8584
8605
8585
8606
8671
8672
8673
8674
8675
8803
8802
8858
8897
8950
8896
8857
8949
8856
8895
8948
8947
8894
8855
8800
8801
8670
8669
8668
8667
8666
8665
8663
8662
8661
8659
8658
8799
8854
8946
8945
8944
8893
8853
8852
8892
8943
8993
8988
8891
8942
8851
8850
8890
8941
8940
8889
8849
8793
8648
8649
8650
8794
8651
8652
8653
8795
8796
8797
8798
8657
8656
8655
8654
8510
8509
8453
8405
8403
8451
8507
8506
8450
8402
8338
8210
8211
8212
8339
8340
8216
8215
8214
8068
8008
7963
7901
7775
7774
7773
7900
7899
7962
8007
8067
7961
8006
8066
7960
8005
8065
8064
8063
8004
7959
7958
8003
8062
7957
8061
8002
8001
7956
8060
8059
8117
8116
8112
8058
7955
8000
8057
7999
7954
7889
7756
7757
7758
7759
7890
7891
7892
7760
7761
7893
7894
7762
7763
7764
7895
7765
7766
7767
7896
7897
7898
7768
7769
7770
7771
7772
7611
7580
7401
7400
7402
7309
7308
7340
7307
7306
7339
7304
7303
7302
7338
7301
7300
7337
7299
7298
7297
7336
7296
7295
7335
7294
7379
7380
7507
7381
7382
7383
7384
7385
7386
7387
7388
7389
7508
7390
7391
7392
7393
7394
7396
7397
7398
7399
7516
7515
7579
7609
7610
7651
7650
7688
7687
7720
7686
7685
7719
7684
7683
7682
7718
7681
7680
7717
7679
7649
7648
7677
7678
7608
7578
7513
7514
7378
7377
7376
7375
7374
7373
7372
7371
7370
7506
7289
7333
7290
7291
7334
7293
7292
6994
6993
6992
6991
6990
7123
6989
6988
7122
7121
7120
7119
7118
7175
7176
7177
7203
7232
7264
7263
7231
7202
7201
7262
7230
7261
7229
7200
7174
7117
7116
7115
7114
7173
7199
7228
7260
7259
7227
7198
7197
7226
7258
7257
7225
7196
7195
7224
7256
7255
7223
7194
7193
7222
7254
7332
7331
7366
7330
7329
7365
7328
7321
7317
7066
7074
7086
7092
7131
7094
7095
7096
7097
7098
7099
7100
7101
7102
7103
7166
7167
7168
7169
7171
7172
7113
7112
7111
6935
7110
7109
7108
7107
7106
7104
7105
6959
6958
6985
6957
6956
6984
6955
6954
6953
6980
6949
6947
6973
6946
7050
7048
7046
7038
7036
7127
7026
7020
7010
7133
7132
7182
7205
7234
7233
7204
7181
7170
6987
6995
7000
6944
6910
6862
6810
6833
6861
6909
6907
6889
6908
6986
7178
7253
7269
7367
7546
7503
7395
7305
7341
7310
7311
7352
7436
7445
7451
7461
7470
7474
7512
7478
7479
7480
7481
7482
7483
7484
7485
7486
7487
7488
7489
7490
7491
7492
7493
7494
7495
7496
7497
7498
7499
7500
7501
7502
7556
7555
7554
7553
7552
7551
7550
7549
7548
7547
7545
7570
7597
7635
7636
7598
7571
7599
7572
7637
7638
7600
7573
7574
7601
7639
7640
7602
7575
7576
7603
7641
7642
7604
7668
7669
7670
7671
7643
7605
7644
7606
7504
7505
7368
7369
7557
7577
7607
7645
7674
7715
7675
7676
7716
7743
7742
7741
7740
7739
7883
8052
7996
7884
7745
7746
7747
7748
7749
7885
7952
8053
8054
7997
8055
7887
7886
7750
7751
7752
7753
7754
7755
7888
7953
7998
8056
8115
8147
8148
8187
8188
8317
8189
8190
8191
8192
8193
8194
8195
8196
8197
8198
8199
8200
8201
8202
8203
8204
8205
8206
8207
8208
8209
8336
8401
8449
8505
8448
8504
8400
8335
8334
8333
8399
8447
8503
8502
8446
8398
8332
8331
8330
8396
8444
8445
8397
8501
8500
8395
8443
8499
8581
8580
8602
8579
8578
8601
8577
8497
8441
8394
8328
8185
8184
8183
8182
8181
8326
8327
8393
8440
8496
8495
8439
8392
8325
8391
8438
8494
8493
8437
8390
8322
8323
8176
8177
8178
8179
8180
8146
8145
8114
8144
8143
8113
8051
7995
8050
7994
7951
7882
7738
7881
7880
7879
7946
7947
7992
8048
8111
8110
8047
7991
7945
7878
7877
7876
7875
7874
7873
7872
7871
7870
7869
7868
7867
7866
7865
7864
7862
7861
7936
7937
7938
7939
7940
7941
7942
7943
7944
7990
8109
8046
8108
8045
7989
7988
8044
8107
8043
8106
8105
8042
7987
8104
8139
8140
8306
8305
8307
8308
8309
8310
8383
8385
8386
8311
8312
8313
8314
8387
8433
8490
8552
8551
8489
8432
8550
8575
8548
8487
8488
8549
8431
8382
8381
8380
8379
8304
8303
8302
8301
8300
8299
8298
8297
8296
8295
8294
8293
8292
8320
8285
8280
8262
8365
8596
8609
8593
8566
8532
8473
8359
8351
8343
8227
8221
8217
8213
8337
8341
8406
8515
8511
8454
8404
8452
8508
8561
8560
8559
8556
8442
8498
8492
8436
8384
8175
8324
8329
8186
8149
8154
8124
8078
8018
8019
8081
7969
7910
7778
7788
7798
7807
7815
7821
7830
7839
7848
7856
7926
7921
7912
7972
8024
8088
8092
8030
7977
8036
8098
8141
8101
8137
8138
8102
8040
7985
8041
8103
7986
7935
7933
7934
7859
7860
7713
7712
7736
7711
7710
7735
7707
7631
7595
7628
7568
7592
7569
7540
7539
7533
7522
7518
7615
7612
7721
7714
7667
7634
7558
7672
7737
7950
7863
7744
7993
8049
8171
8142
8174
8435
8557
8576
8600
8779
8931
8991
8932
8881
8934
8883
8843
8838
8611
8620
8786
8787
8630
8640
8646
8782
8660
8664
8680
8686
8692
8718
8726
8742
8746
8784
8752
8753
8754
8755
8756
8610
8597
8598
8599
8543
8482
8427
8377
8378
8428
8483
8544
8484
8545
8429
8546
8485
8430
8486
8547
8574
8763
8833
8832
8831
8762
8761
8760
8759
8758
8757
8830
8876
8921
8976
8920
8977
8978
8922
8979
8923
8980
8924
8877
8981
8925
8878
8926
8982
8879
8927
8983
9004
9045
9046
9006
8984
8928
8880
8929
8985
8986
8930
8841
8840
8839
8837
8836
8835
8834
8764
8765
8766
8767
8768
8769
8770
8771
8772
8773
8774
8775
8776
8777
8778
8553
8491
8434
8388
8315
8316
8321
8554
8555
8558
8615
8616
8617
8780
8618
8619
8621
8622
8623
8624
8625
8626
8627
8781
8628
8629
8631
8632
8633
8634
8635
8636
8637
8638
8639
8789
8790
8641
8642
8643
8644
8645
8647
8792
8791
8848
8888
8939
8938
8887
8847
8846
8886
8937
8936
8885
8845
8788
8844
8884
8935
9016
9017
9074
9075
9076
9077
9205
9178
9177
9204
9203
9202
9176
9071
9072
9073
9137
9052
9015
9014
9051
9013
9012
9011
9070
9069
9050
9010
9009
9049
9008
8933
8882
8842
8785
8614
8613
8612
8987
9048
9047
9007
9133
9132
9134
9135
9136
9067
9068
9159
9175
9174
9224
9201
9200
9223
9199
9143
9131
9130
9155
9169
9222
9198
9197
9221
9220
9214
9192
9106
9107
9123
9124
9125
9142
9126
9127
9128
9129
9003
9002
9001
9044
9043
9065
9042
9041
9064
9040
9034
9031
9057
9024
9022
9053
9018
8992
9005
9066
9144
9150
9158
9168
9170
9225
9390
9397
9398
9237
9243
9377
9261
9266
9274
9279
9285
9307
9314
9327
9332
9386
9347
9350
9351
9352
9353
9354
9355
9356
9357
9388
9358
9359
9360
9361
9362
9363
9364
9365
9366
9389
9367
9368
9369
9370
9371
9372
9373
9226
9227
9391
9228
9229
9374
9230
9231
9232
9233
9234
9235
9236
9238
9239
9375
9240
9241
9242
9244
9245
9246
9247
9248
9249
9376
9250
9251
9252
9253
9254
9255
9256
9257
9258
9378
9259
9260
9262
9263
9264
9265
9267
9207
9181
9180
9206
9179
9160
9151
9078
9079
9138
9080
9081
9082
9083
9084
9085
9086
9087
9088
9139
9089
9090
9091
9092
9093
9019
9054
9020
9021
9055
9023
9056
9095
9094
9161
9096
9097
9098
9099
9100
9140
9101
9102
9103
9104
9028
9027
8995
8959
8958
8905
8865
8906
8960
8907
8866
8961
8908
8867
8814
8813
8701
8702
8703
8704
8705
8706
8707
8708
8815
8909
8962
8996
9029
9030
8989
8997
9147
9146
9105
9145
9152
9162
9156
9163
9172
9164
9171
9173
9165
9108
9109
9110
9111
9112
9141
9113
9114
9115
9116
9060
9061
9062
9063
8972
8874
8973
8918
8974
8919
8875
8826
8827
8828
8749
8748
8747
8745
8744
8743
8741
8740
8739
8738
8737
8736
8735
8824
8825
8917
8916
8970
8971
8999
8998
9039
9038
9037
9036
9059
9035
9033
9058
9032
8969
8873
8915
8968
8967
8914
8872
8820
8819
8871
8913
8966
8965
8912
8870
8818
8869
8911
8964
8910
8963
8868
8817
8816
8709
8710
8711
8712
8713
8714
8715
8716
8717
8719
8821
8822
8720
8721
8823
8722
8723
8783
8724
8725
8727
8728
8729
8730
8731
8732
8733
8734
8567
8568
8569
8476
8475
8535
8536
8477
8537
8478
8538
8570
8571
8572
8592
8594
8539
8479
8424
8372
8425
8480
8540
8541
8481
8426
8373
8284
8286
8287
8288
8374
8375
8289
8290
8291
8376
8542
8573
8595
8751
8750
8829
8975
8990
9000
9122
9121
9120
9149
9119
9118
9117
9148
9154
9157
9167
9153
9166
9339
9340
9387
9341
9342
9343
9344
9345
9346
9196
9219
9349
9348
9409
9404
9484
9647
9821
9709
9779
9720
9719
9708
9707
9694
9695
9645
9524
9483
9482
9523
9481
9408
9338
9337
9336
9335
9218
9195
9194
9334
9333
9385
9331
9330
9329
9328
9217
9216
9326
9325
9324
9323
9322
9384
9321
9320
9193
9215
9319
9318
9317
9316
9315
9313
9312
9383
9311
9310
9396
9407
9309
9308
9306
9305
9304
9303
9302
9382
9301
9300
9299
9298
9213
9191
9190
9297
9296
9295
9294
9293
9381
9292
9291
9212
9211
9290
9289
9288
9287
9286
9189
9210
9284
9283
9380
9282
9281
9280
9278
9277
9276
9275
9273
9272
9379
9271
9270
9188
9187
9209
9186
9185
9208
9184
9183
9182
9268
9269
9394
9395
9393
9392
9399
9402
9400
9403
9401
9406
9412
9417
9443
9508
9444
9446
9509
9447
9448
9449
9511
9450
9451
9512
9452
9453
9454
9513
9455
9456
9514
9457
9458
9459
9515
9460
9461
9516
9463
9464
9465
9517
9466
9468
9518
9469
9470
9471
9519
9472
9473
9520
9475
9476
9477
9521
9478
9479
9522
9480
9644
9643
9642
9641
9640
9639
9684
9638
9636
9635
9634
9632
9631
9630
9629
9628
9683
9627
9626
9625
9624
9623
9622
9621
9620
9619
9682
9617
9616
9693
9692
9615
9614
9613
9611
9610
9609
9608
9681
9607
9606
9691
9605
9604
9603
9602
9601
9600
9599
9680
9598
9597
9596
9595
9594
9593
9591
9590
9679
9589
9588
9586
9585
9583
9582
9581
9580
9579
9678
9578
9577
9442
9416
9415
9441
9439
9507
9438
9437
9506
9436
9435
9434
9504
9433
9432
9503
9431
9430
9429
9502
9428
9427
9501
9426
9424
9423
9500
9422
9421
9499
9420
9414
9405
9411
9498
9497
9530
9496
9495
9529
9494
9493
9492
9528
9491
9490
9527
9489
9488
9487
9526
9486
9485
9525
9474
9467
9462
9510
9445
9440
9505
9425
9419
9418
9410
9413
9531
9697
9696
9688
9542
9548
9676
9566
9571
9584
9587
9592
9612
9618
9633
9637
9685
9646
9648
9649
9650
9651
9652
9653
9654
9655
9686
9656
9657
9658
9659
9660
9661
9662
9663
9664
9687
9665
9666
9667
9668
9669
9670
9671
9672
9532
9533
9534
9673
9535
9536
9537
9538
9539
9540
9541
9543
9544
9674
9545
9546
9547
9549
9550
9551
9552
9553
9554
9675
9555
9556
9557
9558
9559
9560
9561
9562
9563
9677
9564
9565
9567
9568
9569
9570
9572
9689
9690
9573
9574
9575
9576
9743
9805
9744
9745
9806
9747
9748
9749
9808
9750
9751
9809
9882
9883
9975
9884
9885
9886
9889
9888
9752
9703
9753
9810
9754
9755
9811
9756
9704
9699
9705
9717
9757
9812
9758
9759
9813
9761
9762
9706
9711
9718
9763
9814
9765
9766
9815
9767
9768
9769
9816
9770
9771
9817
9773
9774
9775
9818
9776
9777
9819
9778
9939
9941
9942
9943
9981
9944
9945
9946
9947
9948
9949
9950
9994
10005
10087
10086
10146
10123
10085
10084
10122
10083
10082
10081
9938
9937
9936
9934
9933
9980
9932
9931
9930
9929
9928
9927
9926
9925
9924
9979
9923
9922
9920
9919
9918
9917
9916
9915
9914
9978
9913
9912
9993
9992
9910
9909
9908
9907
9906
9905
9904
9977
9903
9902
9901
9900
9899
9898
9897
9896
9895
9976
9894
9893
9891
9890
10112
10056
10057
10113
10058
10059
10060
10114
10061
10062
10115
10063
10064
10004
10066
10116
10067
10068
10117
10069
10070
10072
10118
10073
10074
10119
10075
10076
10077
10120
10078
10080
10121
10145
10144
10143
10142
10141
10140
10055
10054
10053
10111
10052
10051
10109
10139
10138
10137
10136
10134
10014
10015
10001
10002
10016
10017
10040
10041
10043
10044
10045
10107
10046
10047
10108
10048
10050
10003
9880
9879
9878
9877
9876
9875
9974
9874
9873
9872
9871
9869
9868
9991
9990
9989
9988
9987
9998
10000
10009
10013
10039
10038
10105
10037
10036
10104
10035
10034
10033
10103
10032
10031
10102
10030
10028
10027
10101
10026
10025
10100
10024
10023
10022
10099
10021
10020
10098
10019
9986
9828
9829
9969
9830
9831
9832
9833
9834
9835
9836
9837
9838
9970
9839
9840
9841
9842
9843
9844
9845
9847
9848
9971
9849
9850
9852
9853
9854
9855
9856
9857
9858
9972
9859
9860
9861
9862
9863
9864
9865
9866
9716
9702
9701
9698
9700
9715
9742
9740
9804
9739
9738
9803
9737
9736
9735
9801
9734
9733
9800
9732
9731
9730
9799
9729
9728
9798
9727
9725
9724
9797
9723
9722
9796
9721
9795
9794
9793
9792
9826
9791
9790
9825
9789
9788
9787
9824
9786
9785
9823
9784
9783
9782
9822
9781
9780
9820
9772
9764
9760
9807
9746
9741
9802
9726
9714
9712
9710
9713
9827
9997
10011
10010
10018
10012
10029
10106
10135
10147
10148
10095
10097
10096
10127
10094
10093
10126
10092
10091
10090
10125
10089
10088
10124
10079
10071
10065
10110
10049
10042
10007
9995
9984
9846
9851
9973
9867
9870
9881
9887
9892
9911
9921
9935
9940
9982
9951
9952
9953
9954
9955
9956
9957
9958
9959
9983
9960
9961
9962
9963
9964
9965
9966
9967
10006
9968
9996
9985
9999
10008
10128
10129
10130
10131
10132
10133
