1
85
86
87
88
89
3
91
92
292
93
94
4
95
96
97
98
5
7
6
100
306
308
101
102
104
105
106
107
8
108
9
109
110
293
112
113
10
114
115
116
11
118
119
12
120
121
294
122
123
124
125
126
127
128
14
129
130
295
131
132
15
133
134
136
137
138
16
139
140
141
142
17
143
145
146
147
18
148
149
19
20
1333
1334
1335
1336
1337
1380
1339
1340
1341
1342
1581
1536
1535
1580
1579
1534
1577
9369
9368
8921
8857
8922
8923
8858
8859
8924
8503
8502
8501
8500
8560
8498
8497
8496
8494
8493
7108
7064
7175
7174
7173
7172
7171
7217
7216
7170
7169
7168
7214
7213
7167
7166
7165
7211
7210
7164
7163
7209
7208
7162
7105
7104
7044
7486
7345
7346
7347
7348
7349
7350
7351
7352
7440
7353
7354
7355
7356
7357
7359
7360
7361
7362
7441
7364
7365
7366
7367
7368
7370
7371
7372
7373
7375
7376
7377
7378
7379
7380
7381
7382
7383
7384
7385
7386
7387
7388
7389
7390
7392
7393
7394
7395
7396
7398
7399
7400
7402
7403
7404
7405
7406
7407
7408
7409
7410
7411
7412
7413
7487
6928
7120
7065
7119
7118
7117
7116
7115
7114
7113
7052
7005
7006
7053
6922
6923
6924
6925
6926
6927
6843
6842
6841
6840
6839
6838
6837
6921
7004
7050
7126
7186
7185
7184
7183
7224
7182
7181
7222
7180
7220
7179
7178
7177
7176
7112
7111
7110
7109
7047
7001
6964
6939
6965
7002
7048
6916
6917
6918
6919
6821
6820
6819
6818
6817
6816
6915
6815
6814
6813
6812
6811
6810
6809
6808
6807
6806
6805
6804
6803
6802
6801
6800
6799
6798
6797
6796
6795
6794
6793
6791
6790
6789
6788
6787
6912
6911
6786
6785
6591
6592
6593
6660
6594
6595
6661
6596
6597
6663
6598
6599
6665
6600
6470
6601
6666
6602
6603
6667
6604
6419
6246
6244
6243
6242
6241
6240
6304
6239
6238
6073
5991
5990
5623
5622
5621
5620
5670
5619
5618
5616
5614
5615
5397
5477
5398
5399
5478
5400
5401
5402
5479
5403
5404
5480
5405
5406
5481
5482
5483
5407
5408
5485
5409
5410
5486
5487
5488
5411
5412
5490
5413
5414
5415
5416
5491
5492
5493
5418
5419
5494
5420
5421
5330
5331
5332
5284
5200
5236
5199
5235
5198
5234
5283
5649
5732
5731
5876
6282
6281
6482
6537
6536
6534
6533
6532
6481
6430
6429
6480
6479
6669
6612
6611
6610
6609
6608
6836
6835
6834
6833
6832
6831
6830
6829
6828
6827
6826
6825
6824
6823
6822
7049
6525
6471
6420
6383
6367
6384
6368
6385
6421
6472
6386
6422
6423
6473
6529
6528
6527
6526
6348
6347
6247
6248
6249
6250
6251
6252
6254
6255
6256
6350
6349
5870
5781
5821
5871
5893
5935
5936
6074
6075
6076
5992
5993
6077
5994
5995
5938
6078
6079
6080
5996
5997
6081
5998
5999
5939
5940
5875
5825
5824
5874
5729
5730
5648
5646
5645
5644
5642
5641
5640
5639
5638
5637
5636
5635
5634
5633
5632
5631
5630
5629
5628
5726
5725
5626
5728
5823
5873
6356
6355
6354
6389
6428
6478
6477
6427
6531
6607
6353
6388
6426
6476
6530
6424
6474
6475
6425
6387
6352
6351
6257
6259
6260
6261
6262
6263
6264
6265
6266
6267
6268
6269
6270
6271
6272
6273
6274
6275
6276
6277
6278
6279
6280
6362
6361
6359
6358
6357
4809
4515
4614
4674
4746
4869
4870
4871
4810
4811
4872
4812
4813
4747
4748
4749
4696
4677
4617
4568
4541
4518
4517
4516
4430
4429
4428
4427
4426
4425
4424
4423
4421
4420
4419
4418
4417
4247
4188
4189
4248
4190
4249
4191
4192
4250
4251
4252
4193
4194
4253
4254
4195
4196
4197
3970
4067
4082
4118
4433
4432
4522
4521
4680
4679
4678
4618
4569
4542
4520
4616
4676
4873
4874
4875
4876
4877
4878
4879
4880
5098
5097
5169
5168
5167
5095
5094
5093
5092
5091
5090
5089
5087
5086
5085
5084
5083
5082
5081
5080
5078
5077
5076
5075
5074
5073
5072
5071
5070
5068
5067
5066
5065
5064
5063
5062
5061
5060
5059
5118
5058
5057
5056
5055
5054
5053
5052
5051
5050
5117
5049
5048
5165
5282
5281
5396
5476
5395
5394
5475
5393
5328
5279
5233
5196
5179
5197
5163
4796
4734
4733
4662
4601
4558
4537
4505
4373
4374
4375
4376
4377
4378
4379
4380
4381
4382
4383
4384
4385
4386
4449
4387
4388
4389
4390
4391
4392
4394
4395
4396
4450
4397
4398
4399
4400
4401
4402
4403
4404
4405
4406
4407
4408
4409
4410
4411
4412
4413
4513
4415
4116
4241
4240
4239
4185
4238
4115
4184
4063
4014
3966
3967
3927
3926
3965
4013
4062
4061
4012
3964
3925
3807
3808
3809
3810
3811
3812
3813
3814
3815
3816
3817
3819
3820
3821
3822
3823
3824
3825
3826
3968
4065
4064
4117
4242
4243
4244
4245
4246
4607
4667
4668
4608
4564
4539
4511
4512
4540
4565
4610
4670
4669
4609
4673
4613
4611
4671
4745
4744
4743
4742
4741
4808
4807
4806
4805
4867
4804
4803
4865
4802
4801
4800
4864
4799
4798
4863
4797
4739
4738
4737
4735
4664
4602
4559
4538
4560
4603
4561
4604
4562
4605
4509
4508
4507
5047
5046
5045
5044
5043
5042
5116
5041
5040
5039
5038
5037
5036
5035
5162
5161
5033
5032
5031
5030
5029
5028
5027
5026
5025
5024
5023
5022
5021
5019
5018
5017
5016
5015
5158
5014
5013
5012
5011
5009
5008
5007
5006
5005
5004
5003
5002
5000
4999
4998
4997
4996
4994
4993
4992
4991
4989
4988
4987
4986
4984
4983
4982
4981
4979
4978
4977
4976
4975
4974
4972
4971
4970
4969
4968
4967
4966
4965
5155
5154
5153
5152
4963
5150
4962
4961
4960
4959
5149
4957
4956
4955
4953
4952
4951
4950
4949
5147
4948
4947
4945
4944
4943
4942
4940
4939
4938
4937
5145
4936
5190
5220
5260
5292
5259
5219
5189
5175
5144
5174
5188
5218
5258
5291
5441
5442
5443
5444
5445
5446
5447
5314
5350
5448
5449
5450
5351
5352
5451
5353
5354
5452
5453
5454
5355
5356
5357
5358
5315
5263
5222
5359
5360
5265
5293
5317
5318
5319
5320
5455
5456
5457
5361
5362
5458
5363
5364
5459
5460
5461
5365
5366
5462
5367
5368
5463
5464
5465
5370
5371
5466
5373
5374
5467
5468
5469
5376
5377
5470
5378
5380
5471
5472
5473
5381
5382
5474
5383
5384
5386
5385
5321
5294
5176
5270
5271
5387
5388
5159
5178
5194
5227
5273
5274
5228
5323
5324
5389
5390
5275
5230
5195
5160
5276
5231
5232
5277
5278
5327
5325
5392
5391
5608
5607
5606
5605
5604
5603
5602
5601
5600
5599
5598
5597
5596
5595
5594
5593
5592
5716
5590
5589
5588
5587
5586
5585
5713
5744
5773
5810
5858
5857
5923
5924
5925
5926
5927
5862
5746
5775
5814
5863
5928
5980
5981
5982
5983
5984
6063
6064
6066
5985
5986
6067
5987
5988
5930
5931
5865
5779
5817
5777
5815
5776
5718
5719
5609
5611
5612
5613
5721
5720
5818
5866
5932
5933
5867
6418
6071
6072
6237
6236
6235
6234
6232
6231
6303
6230
6229
5989
6070
6227
6226
6225
6224
6223
6222
6302
6221
6220
6219
6218
6217
6216
6345
6344
6342
6380
6415
6381
6416
6382
6467
6523
6521
6520
6489
6590
6589
6659
6588
6587
6658
6657
6656
6586
6585
6584
6583
6655
6654
6653
6582
6581
6580
6579
6651
6650
6648
6578
6577
6576
6575
6647
6646
6645
6574
6573
6644
6572
6571
6643
6642
6641
6570
6741
6740
6739
6738
6737
6736
6864
6735
6734
6888
6887
6732
6731
6730
6729
6728
6727
6726
6863
6724
6723
6953
7024
7141
7201
7142
7143
7202
7144
7145
7026
7087
7088
7146
7203
7147
7148
7204
7149
7029
7030
7061
7090
7091
7031
6989
6891
6892
6743
6745
6894
6895
7033
7032
7205
7459
7495
7498
7511
7531
7556
7572
7571
7570
7530
7510
7497
7494
7458
7314
7315
7316
7317
7318
7460
7461
7463
7464
7465
7499
7513
7536
7557
7576
7575
7535
7534
7533
7573
8036
8072
8121
8120
8119
8071
8035
8070
8118
8117
8069
8034
8068
8116
8172
8173
8174
8443
8442
8441
8440
8439
8584
8585
8586
8587
8588
8445
8446
8447
8448
8449
8450
8592
8590
8589
8787
8786
8917
8916
9025
9024
9186
9187
9188
9189
9242
9280
9340
9378
9415
9414
9413
9279
9339
9338
9337
9278
9477
9412
9411
9377
9476
9475
9410
9409
9408
9407
9406
9405
9404
9332
9273
9274
9333
9334
9275
9276
9335
9336
9277
9241
9234
9183
9014
9177
9240
9272
9331
9474
9473
9472
9403
9402
9401
9400
9399
9471
9470
9544
9469
9468
9543
9467
9466
9465
9542
9464
9463
9541
9462
9461
9460
9540
9459
9458
9539
9457
9398
9329
9376
9328
9327
9270
9239
9269
9326
9325
9324
9268
9267
9323
9322
9266
9265
9321
9320
9264
8960
9158
8959
8958
9155
9156
9157
9233
9238
9263
9319
9375
9387
9386
9318
9262
9316
9260
9237
9232
9154
9315
9259
9236
9231
9152
9313
9374
9314
9258
9235
9230
9151
8957
8956
8955
8954
8953
8952
8951
8950
8949
8948
9141
8947
8946
8945
8944
8943
8941
8940
8939
8938
9140
8937
9139
9138
9137
9136
9135
9134
9133
9132
9148
9131
9130
9129
9128
9228
9227
9127
9226
9222
9221
9256
9307
9367
9381
9435
9432
9429
9424
9349
9289
9299
9359
9478
9642
9619
9617
9606
9602
9599
9597
9594
9591
9590
9589
9587
9586
9698
9584
9382
9444
9384
9385
9261
9317
9312
9310
9257
9229
8942
9149
9150
9153
8962
9026
9027
9043
9202
9208
9215
9220
9060
8920
8855
8856
8804
8803
8751
8699
8649
8623
8650
8700
8652
8653
8701
8756
8616
8617
8618
8619
8624
8654
8702
8758
8759
8703
8620
8878
8805
8806
8879
8934
8880
8881
8935
8882
8760
8883
8884
8808
8809
8885
8810
8811
8886
8812
8813
8887
8814
8815
8772
8816
8817
8818
8888
8889
8890
8819
8820
8891
8821
8822
8773
8774
8775
8892
8893
8894
8823
8824
8825
8826
8895
8896
8827
8828
8776
8829
8830
8897
8898
8831
8832
8777
8833
8899
8834
8835
8900
8836
8664
8399
8398
8397
8396
8394
8393
8557
8392
8391
8390
8389
8388
8387
8386
8384
8383
8382
8381
8571
8380
8379
8378
8377
8376
8374
8373
8372
8371
8370
8369
8368
8367
8366
8365
8364
8363
8362
8361
8360
8359
8358
8357
8566
8356
8355
8564
8354
8563
8353
8352
8351
8350
8349
8348
8347
8556
8346
8345
8274
8194
8193
8657
8272
8273
8344
8342
8341
8340
8339
8338
8555
8554
8553
8271
8336
8552
8551
8550
8549
8548
8547
8561
8546
8545
8544
8543
8542
8541
8540
8539
8537
8528
8516
8510
8504
8499
8495
8492
8486
8474
8591
8453
8444
8435
8428
8421
8411
8402
8395
8385
8375
8570
8572
8574
8575
8579
8714
8663
8626
8625
8660
8711
8565
8343
8562
8621
8656
8704
8705
8771
8807
8770
8655
8936
8337
8267
8144
8091
8046
8018
7954
7953
7741
7746
7747
7751
7757
7762
7771
7775
7780
7959
8013
8023
8051
8097
8147
8093
8047
8020
8197
8200
8203
8296
8298
8098
8052
8024
8025
8054
8102
8108
8063
8029
8014
8015
8033
8067
8115
8125
8076
8084
8133
8137
8088
8045
8190
8189
8186
8179
8175
8170
7932
7544
7488
7443
7244
7249
7251
7254
7492
7496
7505
7524
7552
7603
7605
7693
7695
7462
7512
7532
7574
7635
7637
7721
7724
7727
7875
8010
8090
8141
8191
8334
8335
8269
8270
8143
7942
7943
7738
7739
7740
7944
7745
7744
7743
7742
7600
7599
7689
7598
7597
7688
7687
7686
7685
7737
7684
7683
7736
7682
7596
7595
7548
7520
7521
7549
7489
7490
7124
7057
7010
6969
6941
6932
6845
6846
6847
6848
6849
6850
6851
6852
6853
6854
6855
6856
6857
6858
6859
6676
6860
6677
6678
6679
6680
6681
6682
6683
6684
6685
6686
6687
6688
6865
7012
6971
6972
7013
7014
6973
6943
6868
6867
6689
6690
6691
6692
6693
6869
6944
6974
7015
7070
7068
7132
7131
7130
7129
7194
7128
7127
7193
7192
7191
7190
7189
7188
7187
7125
7058
7011
6970
6942
6844
6929
6930
6931
6968
7009
7056
7122
7232
7231
7230
7229
7121
7066
7055
7008
6967
7007
7054
7051
7003
6966
6940
6920
7043
6998
6962
6999
7045
7062
7106
7161
7155
7097
7036
6992
6902
6893
6889
6886
6885
6884
6717
6722
6725
6733
6742
6744
6753
6764
6768
6775
6784
6792
6913
6914
6938
6963
7000
7046
7063
7107
7212
7215
7218
7219
7221
7223
7225
7226
7227
7228
7502
7547
7678
7679
7680
7681
7941
7940
7939
7938
8012
8011
7928
7924
7918
7913
7904
7894
8009
8008
8006
8000
7993
7988
7857
7851
7847
7840
7832
7820
7816
7811
7808
7799
7962
7963
7969
7634
7627
7621
7702
7699
7566
7529
7507
7454
7450
7264
7272
7281
7291
7300
7312
7313
7319
7321
7323
7331
7337
7358
7363
7369
7374
7391
7397
7401
7414
7415
7416
7417
7418
7419
7420
7421
7422
7423
7442
7424
7425
7426
7427
7428
7429
7430
7431
7233
7432
7234
7235
7236
7237
7238
7239
7240
4124
4125
4025
3980
3946
3880
3659
3658
3657
3656
3655
3654
3653
3652
3651
3650
3876
3877
3879
4024
3979
3944
3943
3978
4023
4088
4207
4206
4205
4204
4203
4202
4123
4086
4074
4022
3977
3942
3875
3649
3648
3647
3646
3863
3874
3975
4021
4073
4122
4259
4260
4261
4262
4528
4527
4571
4622
4685
4684
4621
4752
4817
4816
4815
4814
4883
4882
4881
4751
4682
4620
4526
4524
4434
4435
4436
4437
4438
4439
4440
4441
4442
4443
4444
4445
4446
4447
4448
4263
4264
4265
4266
4267
4268
4452
4453
4269
4270
4271
4272
4454
4455
4456
4274
4273
4543
4574
4627
4626
4625
4573
4699
4758
4757
4572
4623
4624
4698
4756
4755
4754
4753
4818
4885
4884
5285
5237
5201
5170
5286
5238
5171
5172
4891
4890
4889
4888
4887
5115
5114
5113
5112
5111
5110
5109
5108
5107
5106
5105
5104
5103
5102
5101
5100
5099
5096
5088
5079
5069
5166
5164
5034
5020
5010
5001
4995
4990
4985
4980
4973
4964
4958
4954
4946
4941
4935
4926
4922
5136
5132
4909
4886
5211
5249
5304
5308
5345
5257
5217
5187
5191
5221
5261
5223
5264
5268
5225
5192
5156
5151
5148
5146
5316
5369
5372
5375
5379
5322
5326
5280
5295
5329
5484
5489
5417
5422
5423
5495
5496
5497
5424
5425
5426
5427
5498
5499
5428
5429
5333
5334
5335
5336
5337
5338
5431
5432
5296
5287
5239
5202
5180
5240
5203
5181
5120
5119
4892
4893
4894
4895
4896
4897
4898
4899
4900
5123
5122
5121
5182
5204
5241
5242
5205
5206
5243
5288
5298
5297
5299
5341
5301
5300
5245
5244
5207
5183
5124
4901
4902
5125
5126
5127
4903
4904
4832
4831
4830
4829
4828
4827
4826
4825
4824
4823
4822
4821
4820
4819
4700
4686
4628
4575
4544
4457
4529
4545
4576
4629
4687
4630
4577
4546
4530
4459
5516
5900
5899
5898
5835
5787
5753
5788
5754
5789
5755
5739
5679
5678
5677
5515
5676
5675
5673
5514
5513
5512
5511
5510
5509
5508
5507
5506
5505
5504
5503
5502
5501
5500
5667
5666
5665
5664
5663
5662
5661
5660
5659
5658
5657
5656
5655
5654
5653
5652
5651
5650
5647
5643
5627
5625
5624
5617
5722
5723
5724
5727
6652
6649
6515
6514
6457
6410
6459
6460
6485
6461
6412
6377
6378
6413
6463
6486
6516
6635
6637
6639
6640
6519
6487
6466
6414
6379
6366
6340
6190
6341
6336
6172
6155
6335
6334
6332
6136
6120
6094
6363
6360
6469
6535
6538
6543
6623
6879
6883
7123
7069
7078
7083
7084
7085
7086
7089
7028
6988
6954
6987
7027
7025
6986
6985
7023
7022
6984
6952
6982
6947
6976
6945
6866
6933
6937
7067
6539
5895
5942
5748
5735
5674
5430
4665
4683
4525
4451
4282
4278
4275
4458
4464
4471
4532
4553
4587
4641
4690
4636
4582
4547
4578
4631
4705
4836
4838
4844
4847
4848
4777
4778
4714
4591
4650
4652
4593
4555
4483
4494
4535
4557
4598
4659
4693
4783
4860
4862
4736
4663
4695
4666
4606
4563
4510
4514
4519
4431
4422
4416
4414
4393
4506
4502
4362
4352
4348
4338
4328
4327
4326
4324
4474
4533
4554
4589
4646
3502
3508
3513
3514
3930
3928
3969
4015
4066
4187
4186
4235
4173
4166
4230
4156
3913
3904
3896
3884
3883
3668
3676
3685
3695
3701
3712
3720
3728
3735
3744
3754
3757
3869
3773
3774
3786
3792
3797
3818
3827
3842
3852
3853
3854
3855
3856
3857
3858
3859
3860
3861
3931
3941
3971
4018
4069
4083
4068
4017
3369
3390
3423
3468
3475
3519
3518
3517
3467
3422
3389
3421
3466
3464
3420
3364
3365
3366
3367
3368
3307
3306
3305
3304
3303
3302
3363
3361
3360
3356
3351
3349
3234
3215
3202
3199
3197
3196
3194
3309
3184
3183
3178
3174
3328
3379
3399
3432
3323
3315
3362
3465
3453
3392
3373
3932
3878
3945
3976
3972
4016
3963
4119
4087
4029
3984
3950
3528
3597
3534
3535
3601
3543
3407
3450
3411
3384
3413
3452
3474
3500
3615
3618
3619
3623
3626
3630
3631
3632
3633
3634
3635
3636
3637
3638
3639
3640
3515
3516
3862
3933
3934
3935
3936
3974
4020
4072
4085
4071
4084
4070
4019
3973
4121
4258
4257
4256
4255
4120
4201
4200
4199
4198
4523
4570
4619
4681
4750
4697
4675
4615
4567
4566
4612
4672
4740
4868
4866
5157
5177
5193
5229
5272
5269
5226
5711
5591
5610
5717
5747
5778
5816
5864
5892
5929
6065
6062
6061
6060
6059
6054
6051
6050
6047
6044
6039
6037
6034
6022
5906
5885
5838
5790
5756
5688
5701
5706
5914
5916
5921
6068
6069
5934
5819
5868
5869
5820
5780
5822
5872
5937
6082
6083
6084
6000
6001
6002
6003
5941
6005
6004
5943
5879
5828
5782
5827
5878
5877
5826
5733
5734
5736
5737
5738
5881
5830
5829
5880
5944
5945
6085
6086
6087
6006
5946
5947
5948
5831
5783
5749
5750
5784
5832
5671
5672
5339
5340
6296
6295
6294
6293
6292
6291
6290
6289
6288
6287
6286
6285
6284
6283
6258
6253
6245
6233
6228
6215
6343
6346
6417
6468
6488
6522
6524
6662
6664
6668
6605
6606
6613
6614
6670
6671
6672
6615
6616
6617
6618
6673
6674
6675
6619
6620
6621
6540
6490
6541
6542
6491
6492
6493
6494
6370
6395
6437
6436
6394
6435
6434
6393
6306
6364
6369
6392
6433
6432
6391
6431
6390
6305
6297
6088
6089
6090
6091
6092
6093
6095
6096
6097
6307
6308
6309
6310
6100
6099
6098
5949
5950
5951
5952
5953
6007
6008
6009
6010
6011
6012
6013
6014
6015
6016
5897
5896
5894
5883
5834
5786
5752
5751
5785
5833
5882
6101
6312
6108
6109
6110
6111
6112
6113
6318
6317
6316
6315
6314
6313
6107
6106
6105
6104
6103
6102
6311
6365
6371
6397
6439
6438
6396
6398
6440
6441
6399
6372
6442
6443
6400
6444
6401
6373
6374
6402
6445
6500
6499
6498
6497
6496
6495
6622
6544
6446
6501
6502
6545
6503
6504
6505
6451
6405
6450
6449
6375
6404
6448
6447
6403
6321
6322
6323
6324
6119
6118
6117
6116
6115
6114
6320
6319
6121
6122
6325
6326
6327
6406
6454
6455
6407
6408
6456
6511
6510
6509
6508
6507
6506
6452
6453
6702
6701
6700
6878
6877
6699
6698
6875
6876
6874
6697
6696
6695
6873
6694
6872
6871
6870
6934
7071
7072
7073
7059
7016
6975
7074
7133
7134
7060
7075
7080
7079
7077
7076
7017
6977
6978
7018
6946
7019
7020
6979
6948
6880
6703
6704
6881
6882
6951
6981
6950
6980
6949
7081
7082
7135
7195
7136
7196
7263
7451
7452
7453
7265
7266
7435
7267
7268
7269
7270
7271
7493
7508
7612
7698
7611
7697
7610
7565
7564
7563
7528
7527
7506
7526
7609
7696
7608
7607
7694
7606
7774
7957
7956
7955
7773
7772
7770
7769
7768
7767
7766
7765
7764
7763
7761
7760
7759
7758
7756
7755
7754
7753
7752
7750
7749
7748
7604
7691
7602
7690
7601
7561
7550
7491
7241
7242
7243
7433
7245
7246
7247
7248
7250
7252
7444
7445
7446
7551
7562
7523
7522
7504
7503
8019
8092
8195
8196
8198
8199
8275
8276
8201
8202
8277
8204
8205
8278
8279
8280
8206
8207
8208
8209
8154
8155
8145
8095
8049
8021
8048
8094
8156
8281
8282
8283
8284
8285
8286
8287
8288
8289
8290
8291
8292
8293
8294
8210
8211
8212
8295
8213
8214
8297
8215
8216
8217
8299
8218
8219
8300
8220
8221
8222
8301
8223
8224
8302
8225
8226
8160
8053
8099
8100
8101
8161
8162
8227
9330
9271
9172
9173
9174
9175
9176
8848
8627
8716
8761
8779
8905
8906
8907
8849
8850
8780
8717
8666
8628
8667
8718
8762
8908
8909
8781
8763
8719
8668
8629
8720
8669
8630
8670
8721
8764
8783
8782
8911
8910
9023
9022
9185
9184
9021
9020
9019
9018
9017
9016
9015
9182
9181
9180
9179
9178
9013
9012
9011
9010
9009
9008
9007
9006
9005
9004
9003
9002
9001
9000
8999
8998
8997
8996
8995
9144
8994
8993
8992
8991
8990
8989
8988
8987
8986
9143
8985
8984
8983
8982
8981
8980
8979
8978
8977
9142
8976
8975
8974
8973
9171
9170
9169
8972
8971
8970
8969
8968
8967
9168
9167
9166
9165
8966
8965
9164
9163
9162
9161
9160
9159
8961
8963
8964
8712
8661
8713
8662
8573
8159
8158
8157
8146
8096
8050
8022
7958
7960
7961
7776
7777
7778
7779
7781
7782
7945
7783
7784
7785
7786
7787
7788
7789
7790
7791
7946
7792
7793
7794
7795
7796
7797
7798
7800
7801
7947
7802
7803
7804
7805
7806
7807
7809
7810
7964
7965
7966
7967
7812
7813
8027
8057
8105
8149
8164
8304
8305
8306
8307
8165
8166
8150
8107
8059
8028
8058
8106
7819
7818
7972
7971
7970
7817
7815
7814
7968
8103
8055
8026
8056
8104
8148
8163
8303
8424
8425
8426
8577
8427
8429
8430
8431
8432
8578
8433
8580
8434
8437
8436
8581
8582
8583
8438
8631
8671
8722
8765
8784
8913
8912
8914
8915
8785
8723
8672
8632
8633
8673
8724
8766
8725
8674
8634
8675
8726
8727
8676
8635
8636
8677
8728
8678
8729
8767
8788
8789
8730
8679
8637
8638
8680
8731
8732
8681
8639
8622
8595
8594
8593
8451
8452
8454
8455
8456
8457
8458
8459
8460
8461
8462
8463
8464
8465
8466
8600
8599
8598
8597
8596
8792
8791
8790
8733
8682
8683
8734
8735
8684
8640
8641
8685
8736
8737
8686
8642
8643
8687
8738
8768
8739
8688
8310
8311
8312
8313
8314
8178
8315
8316
8317
8318
8468
8467
8601
8602
8603
8604
8469
8470
8605
8606
8471
8609
8608
8607
8472
8473
8475
8476
8477
8478
8479
8480
8481
8482
8483
8484
8611
8610
8745
8694
8646
8645
8693
8744
8853
8800
8743
8692
8644
8691
8742
8741
8690
8689
8740
8799
8798
8797
8769
8852
8851
8796
8795
8794
8793
8919
8918
9039
9040
9041
9200
9199
9198
9197
9348
9288
9248
9287
9347
9380
9346
9286
9247
9246
9285
9345
9344
9284
9194
9033
9034
9035
9036
9037
9038
9196
9195
9190
9028
9029
9030
9191
9192
9193
9032
9031
9245
9283
9343
9379
9342
9282
9244
9243
9281
9341
9416
9545
9546
9547
9548
9549
9550
9417
9418
9551
9552
9419
9420
9421
9422
9423
9350
9290
9042
9201
9203
9044
9045
9204
9352
9292
9291
9351
9425
9426
9428
9427
9353
9293
9294
9354
9355
9295
9249
9296
9356
9430
9357
9297
9250
9298
9358
9360
9300
9251
9252
9301
9361
9362
9302
9253
9303
9363
9364
9304
9254
9305
9365
9366
9306
9255
9218
9217
9216
9214
9213
9212
9211
9210
9051
9052
9053
9054
9055
9056
9057
9058
9059
9061
9062
9063
9064
9065
9066
9219
9067
9068
9145
9069
9070
9071
9072
9073
9074
9075
9076
9077
9146
9078
9079
9080
9081
9082
9083
9084
9085
9086
9147
9087
9088
9089
9090
9091
9092
9093
9094
9095
9096
9097
9098
9099
9100
9101
9102
9103
9104
9105
9106
9107
9108
9109
9110
9111
9112
9113
9114
9115
9116
9117
9118
9119
9120
9121
9122
9123
9124
9125
9126
9224
9225
9440
9439
9383
9372
9512
9511
9577
9576
9575
9510
9509
9573
9508
9572
9507
9506
9438
9371
9370
9308
9223
9571
9505
9504
9569
9503
9568
9502
9501
9567
9500
9499
9565
9498
9564
9497
9496
9495
9494
9563
9561
9493
9492
9560
9491
9490
9559
9489
9488
9487
9557
9486
9485
9556
9484
9483
9482
9554
9481
9480
9553
9479
9434
9433
9431
9207
9209
9050
9049
9048
9047
9046
9205
9206
8854
8746
8695
8647
8696
8747
8748
8697
8648
8698
8749
8750
8802
8801
8614
8615
8491
8490
8489
8488
8613
8612
8487
8485
8238
8188
8086
8135
8134
8085
8043
8083
8132
8131
8082
8042
8041
8081
8130
8001
8002
8003
8004
8005
7874
7873
7872
7871
7870
7869
7868
7867
7866
7865
7864
7863
7862
7999
7998
7997
7996
7995
7994
7858
7859
7860
7861
7712
7711
7710
7709
7577
7466
7322
7320
7467
7468
7469
7500
7516
7539
7558
7538
7515
7514
7537
7578
7579
7713
7714
7715
7716
7580
7517
7540
7581
7582
7583
7584
7585
7636
7542
7518
7501
7541
7327
7326
7325
7324
7470
7471
7472
7473
7474
7328
7039
7098
7099
7156
7157
7158
7159
7160
7207
7100
7101
7102
7103
7042
6997
6961
6996
6960
6995
6959
6936
6958
6994
7041
7040
6908
6909
6910
6783
6782
6781
6780
6779
6778
6777
6776
6774
6773
6772
6771
6770
6769
6767
6907
6906
6905
6766
6765
6763
6762
6761
6903
6904
6957
6993
7038
7154
7153
7206
7152
7151
7150
7096
7095
7094
7093
7035
6991
6956
7034
6990
6955
6935
6896
6746
6747
6748
6897
7092
7037
6901
6900
6899
6898
6749
6750
6751
6752
6754
6755
6756
6757
6758
6759
6760
6214
6213
6212
6211
6210
6209
6208
6207
6206
6205
6204
6203
6202
6201
6200
6199
6198
6197
6196
6195
6194
6193
6192
6191
6189
6188
6187
6186
6185
6184
6183
6182
6181
6180
6179
6178
6177
6176
6175
6339
6174
6173
6052
6053
6055
5970
5971
5972
5973
6056
6057
6058
5974
5975
5976
5977
5891
5919
5920
5922
5978
5979
5859
5811
5812
5860
5861
5813
5774
5745
5715
5714
5584
5583
5712
5710
5709
5743
5582
5581
5580
5579
5578
5577
5576
5575
5574
5573
5572
5571
5570
5569
5568
5567
5708
5707
5770
5808
5771
5809
5772
5856
5918
5917
5915
5806
5854
5855
5807
5769
5704
5705
5566
5565
5564
5563
5562
5703
5768
5805
5853
5852
5804
5767
5702
5561
5560
5559
5558
5557
5556
5555
5554
5553
5552
5551
5669
5550
5549
5548
5547
5546
5545
5544
5543
5542
5668
5541
5540
5539
5700
5699
5538
5766
5803
5851
5890
5912
5910
6038
6713
6712
6552
6630
6551
6629
6550
6513
6376
6409
6458
6483
6484
6512
6628
6627
6549
6548
6547
6546
6626
6625
6624
6705
6706
6861
6707
6708
6709
6710
6711
7021
6983
7137
7262
7261
7260
7259
7258
7257
7434
7256
7255
7449
7448
7253
7447
7525
7553
7692
8569
8568
8567
8709
8658
8659
8710
8708
8707
8706
9588
9585
9437
9436
9555
9558
9562
9566
9570
9574
9578
9579
9580
9581
9441
9309
9373
9442
9443
9513
9514
9582
9515
9516
9583
9517
9518
9519
9520
9445
9446
9521
9447
9448
9449
9522
9450
9451
9523
9452
9311
9524
9525
9453
9454
9526
9527
9528
9529
9530
9531
9532
9533
9534
9535
9536
9537
9455
9388
9389
9390
9391
9392
9393
9394
9395
9396
9397
9456
9538
9592
9593
9595
9596
9598
9600
9601
9603
9604
9605
9607
9608
9609
9610
9611
9612
9613
9614
9615
9616
9618
9620
9621
9622
9623
9624
9625
9626
9627
9628
9629
9630
9631
9632
9633
9634
9635
9636
9637
9638
9639
9640
9641
9643
9644
9645
9646
9647
9648
9649
9650
9651
9652
9653
9654
9655
9656
9657
9658
9659
9660
9661
9662
9663
9664
9665
9666
9667
9668
9669
9670
9671
9672
9673
9674
9675
9676
9677
9678
9679
9680
9681
9682
9683
9684
9685
9686
9687
9688
9689
9690
9691
9692
9693
9694
9695
9696
9697
8757
8877
8876
8875
8933
8874
8873
8932
8872
8931
8871
8870
8930
8869
8868
8929
8867
8928
8866
8865
8927
8864
8863
8926
8862
8925
8861
8860
8753
8752
8651
8505
8506
8507
8508
8509
8511
8512
8513
8514
8515
8517
8518
8519
8520
8521
8522
8523
8524
8525
8526
8527
8529
8530
8531
8532
8533
8534
8535
8536
8538
8142
8333
8268
8266
8332
8265
8331
8264
8263
8330
8262
8329
8261
8260
8328
8259
8327
8754
8755
8140
8139
8089
8138
8192
8258
8257
8326
8256
8255
8325
8254
8253
8252
8324
8251
8250
8323
8249
8248
8247
8322
8246
8245
8321
8244
8243
8242
8320
8241
8240
8319
8239
8136
8087
8044
8007
7876
7877
7878
7879
7948
7880
7881
7882
7883
7884
7885
7886
7887
7888
7949
7889
7890
7891
7892
7893
7895
7896
7897
7898
7950
7899
7900
7901
7902
7903
7905
7906
7907
7908
7951
7909
7910
7911
7912
7914
7915
7916
7917
7545
7546
7919
7920
7921
7922
7923
7952
7925
7926
7927
7929
7930
7931
7933
7934
7935
7936
7937
7594
7560
7677
7676
7675
7674
7673
7672
7671
7670
7669
7668
7735
7667
7666
7734
7665
7733
7664
7663
7732
7662
7661
7731
7660
7730
7659
7658
7657
7656
7655
7654
7653
7729
7728
7652
7651
7726
7725
7650
7649
7723
7648
7647
7722
7646
7645
7644
7720
7643
7642
7719
7641
7640
7639
7638
7718
7717
7593
7559
7592
7591
7590
7589
7588
7587
7586
7543
7519
7478
7479
7480
7481
7482
7483
7484
7485
7344
7343
7342
7341
7340
7339
7338
7336
7335
7334
7333
7332
7330
7329
7475
7476
7477
8187
8237
8080
8129
8185
8184
8153
8183
8182
8181
8180
8128
8079
7992
8040
8078
8127
8152
8126
8077
8039
8017
7991
7856
7989
7990
8016
8038
8075
8124
8151
8177
8176
8123
8074
8122
8073
8037
7987
7855
7854
7853
7852
7986
7985
7984
7983
7982
7981
7980
7850
7849
7848
7846
7845
7844
7843
7842
7841
7839
7838
7837
7836
7835
7834
7833
7831
7830
7829
7828
7827
7826
7825
7824
7823
7822
7821
7973
7974
7975
7976
7977
7978
8065
8113
8112
8064
8032
8031
8062
8111
8110
8061
8030
8060
8109
8167
8309
8308
8168
8169
8228
8229
8230
8231
8232
8233
8234
8171
8235
8236
8114
8066
7979
7569
7568
7555
7457
7456
7455
7567
7554
7509
7633
7708
7632
7631
7707
7630
7629
7628
7706
7626
7625
7705
7624
7623
7622
7704
7620
7619
7703
7618
7617
7616
7701
7615
7614
7700
7613
8400
8401
8558
8403
8404
8405
8406
8407
8408
8409
8410
8412
8559
8413
8414
8415
8416
8417
8418
8419
8420
8422
8423
8576
8665
8715
8778
8847
8846
8845
8904
8844
8843
8903
8842
8841
8840
8902
8839
8838
8901
8837
79
58
493
580
871
1050
1183
1370
1413
1464
1490
1471
1473
1474
1475
1476
1480
1454
1435
1431
1419
1428
1417
1392
1393
1279
1276
1264
1261
1256
1252
1249
1243
1240
1388
1391
1414
1416
1427
1447
1445
1426
1424
1441
1439
1423
1385
1232
1409
971
1012
1198
1197
1055
1054
1002
964
965
1003
1052
1005
966
963
962
908
907
698
707
718
920
739
779
788
797
807
816
936
833
843
853
861
872
875
876
877
878
879
905
880
881
882
883
884
885
886
887
888
906
889
890
891
699
700
701
702
703
704
892
705
706
708
709
710
711
712
713
714
909
1004
1051
1006
967
911
910
715
716
717
912
913
914
915
916
969
1010
1009
1008
968
1007
1053
1058
1059
1060
1061
1062
1063
1064
1065
1102
1011
970
919
918
917
719
720
721
722
723
724
893
725
726
727
728
729
730
731
732
733
894
734
735
736
737
738
740
741
742
743
895
744
745
746
747
748
749
750
751
752
753
974
1015
1104
1014
973
972
1013
1103
1131
1130
1204
1129
1128
1203
1127
1126
1125
1202
1124
1123
1201
1122
1121
1120
1200
1119
1118
1199
1117
1250
1251
1253
1254
1255
1372
1257
1258
1259
1260
1561
1503
1502
1560
1559
1501
1558
2087
3380
3433
3887
3888
3889
3696
3697
3698
3699
3700
3702
3703
3704
3705
3706
3707
3708
3709
3710
3711
3713
3714
3715
3899
3995
4042
4097
4145
4077
4098
4146
4147
4078
3901
3719
3718
3717
3716
3900
3485
3436
3400
3437
3471
3484
3483
3533
3532
3598
3531
3530
3596
3595
3594
3482
3435
3434
3529
3898
3897
3895
3894
3893
3892
3891
3890
3987
4034
4035
3988
3952
4036
3989
3990
4037
4038
3991
4039
3992
3953
3954
3993
4040
4041
3994
4096
4144
4095
4094
4093
4092
4143
4091
4033
4090
4076
4089
4142
4141
3985
4031
4032
3986
3951
3885
3886
3694
3693
3692
3691
3690
3689
3688
3687
3686
3684
3866
3683
3682
3681
3680
3679
3678
3677
3675
3674
3865
3673
3672
3591
3592
3526
3527
3593
3182
3181
3180
3179
3308
3177
3176
3175
3173
3172
3525
3590
3671
3670
3669
3667
3666
3665
3864
3664
3663
3662
3661
3660
3882
3939
3949
3983
4028
4027
3982
3948
3938
3881
3937
3947
3981
4026
4075
4126
4208
4209
4210
4211
4212
4213
4214
4215
4127
4128
4129
4216
4130
4131
4217
4132
4030
4133
4218
4134
4135
4219
4136
4137
4138
4220
4139
4140
4221
4294
4295
4296
4297
4298
4299
4300
4301
4302
4303
4304
4305
4306
4307
4308
4309
4310
4311
4312
4475
4588
4642
4643
4644
4590
4477
4476
4313
4314
4315
4316
4478
4479
4317
4318
4319
4320
4321
4322
4323
4325
4647
4776
4775
4852
4774
4773
4851
4850
4849
4645
4711
4710
4772
4771
4709
4708
4770
4769
4846
4768
4767
4845
4843
4842
4766
4765
4841
4764
4763
4840
4839
4837
4762
4761
4760
4759
4835
4834
4833
4707
4706
4689
4640
4586
4639
4585
4552
4470
4472
4288
4287
4286
4285
4284
4283
4281
4280
4279
4466
4465
4463
4462
4461
4277
4276
4460
4531
4548
4579
4632
4633
4580
4549
4688
4701
4702
4703
4635
4581
4550
4634
4467
4468
4469
4551
4584
4638
4637
4583
4704
4918
4917
5137
5135
5134
4916
4915
4914
4913
4912
4911
4910
5133
5131
4908
4907
4906
4905
5128
5129
5130
5184
5210
5248
5247
5209
5208
5246
5302
5303
5250
5289
5305
5342
5433
5434
5343
5344
5306
5307
5251
5212
5252
5213
5185
5214
5253
5290
5309
5435
5436
5310
5254
5215
5186
5138
5139
4919
4920
4921
5140
5173
5141
5142
4923
4924
4925
4927
4928
4929
4930
4931
4932
5143
5216
5255
5256
5313
5349
5348
5440
5347
5346
5439
5438
5437
5312
5311
4473
4289
4290
4291
4292
4293
4933
4934
5262
6462
6568
6518
6517
6567
6566
6638
6565
6564
6636
6563
6562
6561
6634
6560
6559
6633
6558
6557
6556
6632
6555
6554
6631
6553
6714
6715
6716
6862
6718
6719
6720
6721
7200
7140
7139
7199
7198
7138
7197
7273
7274
7275
7436
7276
7277
7278
7279
7280
7282
7283
7284
7285
7437
7286
7287
7288
7289
7290
7292
7293
7294
7295
7438
7296
7297
7298
7299
7301
7302
7303
7304
7305
7439
7306
7307
7308
7309
7310
7311
6890
6569
6465
6464
6171
6170
6338
6337
6169
6168
6167
6166
6165
6164
6163
6301
6162
6161
6160
6159
6158
6157
6156
6154
6153
6300
6152
6151
6150
6149
6148
6147
6146
6145
6144
6299
6143
6142
6411
6141
6140
6139
6138
6137
6298
6135
6134
6333
6331
6133
6132
6131
6130
6129
6128
6127
6126
6125
6124
6123
6328
6329
6330
5888
5843
5795
5761
5796
5844
5845
5797
5762
5909
5908
5907
6036
6035
5957
5956
5955
5954
5905
6033
6032
6031
6030
6029
6028
5904
6027
6026
6025
6024
6023
6021
6020
6019
6018
6017
5903
5886
5839
5791
5757
5740
5683
5682
5681
5680
5836
5901
5902
5837
5884
5684
5741
5758
5792
5840
5685
5742
5759
5793
5841
5887
5842
5794
5760
5686
5517
5687
5518
5519
5520
5521
5522
5523
5524
5689
5690
5691
5692
5525
5526
5527
5528
5529
5694
5693
5530
5531
5532
5533
5534
5535
5536
5537
5698
5697
5696
5695
5763
5798
5846
5847
5799
5764
5800
5848
5849
5801
5765
5802
5850
5889
5911
6040
6041
6042
6043
5913
5958
5959
6045
5960
5961
6046
5962
5963
5964
6048
5965
5966
6049
5967
5968
5969
5267
5266
5224
4648
4691
4712
4713
4649
4482
4481
4480
4045
3998
3999
4046
4102
4101
4151
4150
4149
4148
4100
4099
4043
3996
3997
4044
3905
3903
3902
3721
3722
3723
3724
3725
3726
3727
3729
3906
3907
3730
3731
3732
3909
3908
3955
4000
4047
4048
4001
4103
4104
4079
4049
4002
3956
3940
3910
3736
3734
3733
4594
4653
4651
4592
4484
4485
4486
4487
4488
4489
4490
4491
4492
4493
4347
4346
4345
4344
4343
4342
4341
4340
4339
4337
4336
4335
4334
4333
4332
4331
4330
4329
4853
4854
4855
4779
4780
4856
4781
4782
4715
4716
4717
4718
4719
4720
4721
4722
4723
4595
4654
4655
4596
4556
4656
4657
4597
4658
4692
4725
4724
4726
4784
4785
4786
4787
4727
4728
4788
4789
4790
4791
4857
4858
4859
4792
4793
4861
4794
4795
4729
4730
4731
4732
4694
4661
4600
4599
4660
4504
4503
4371
4372
4501
4500
4536
4370
4369
4368
4367
4366
4365
4364
4363
4361
4360
4359
4358
4357
4499
4498
4534
4356
4355
4354
4353
4497
4351
4496
4495
4350
4349
4225
4154
4153
4224
4152
4110
4109
4008
4057
4081
4056
4055
4108
4107
4223
4222
4106
4080
4054
4007
3959
4006
4053
3958
4005
4052
4051
4004
3957
4003
4050
4105
3911
3912
3914
3915
3743
3742
3741
3740
3739
3738
3737
3604
3603
3602
3600
3599
3536
3438
3472
3439
3401
3381
3370
3333
3371
3382
3402
3440
3441
3403
3383
3404
3442
3473
3486
3605
3606
3487
3488
3489
3443
3537
3607
3538
3539
3608
3540
3541
3490
3542
3609
3544
3545
3610
3546
3406
3221
3220
3219
3218
3217
3216
3311
3214
3213
3212
3211
3210
3209
3208
3207
3206
3205
3310
3204
3203
3127
3126
3125
3124
3123
3001
3000
2933
2881
2882
2934
2969
2935
2883
2838
2813
2783
2608
2607
2782
2784
2814
2839
2884
2936
2937
2885
2840
2785
2609
2610
2611
2612
2614
2615
2786
2841
2886
2938
3047
3048
3129
3050
3051
3130
3052
3053
3131
3054
3055
3132
3057
3058
3002
3003
3004
3059
3134
3060
3061
3135
3062
2941
2646
2647
2648
2649
2740
2650
2651
2652
2653
2654
2655
2498
2444
2168
2169
2170
2171
2172
2224
2173
2174
2175
2176
2501
2446
2445
2500
2499
2656
2657
2741
2659
2660
2661
2662
2663
2664
2665
2666
2668
2742
2669
2670
2671
2672
2673
2674
2363
2299
2177
2178
2179
2180
2181
2182
2183
2184
2185
2261
2262
2263
2186
2187
2188
2190
2191
2192
2193
2194
2195
2197
2198
2199
2200
2201
2202
2204
2205
2206
2207
2208
2209
2212
2213
2214
2215
2266
2265
2302
2328
2369
2370
2329
2371
2303
2412
2411
2368
2301
2367
2300
2327
2366
2410
2455
2454
2511
2510
2453
2452
2509
2508
2507
2365
2364
2450
2449
2506
2505
2448
2447
2504
2503
2502
2675
2790
2791
2792
2677
2678
2679
2680
2681
2683
2684
2685
2686
2687
2688
2689
2690
2691
2692
2693
2694
2695
2696
2697
2698
2699
2700
2701
2702
2703
2704
2705
2707
2708
2709
2710
2711
2712
2715
2716
2717
2797
2798
2799
2800
2975
3016
2897
2957
2972
3015
3014
3149
3148
3013
2971
2956
2896
2848
2847
2955
2954
2895
2894
2953
2952
2893
2846
2816
2815
2845
2892
2951
2950
2844
3084
3083
3146
3145
3082
3081
3144
3143
3142
3008
3007
2793
2794
2891
2949
2948
2843
2890
2947
2946
2842
3080
3006
2970
2945
2944
2889
2943
3078
3141
3077
3076
3140
3074
3073
3072
3139
3071
3070
3138
3068
3246
3247
3314
3248
3249
3250
3251
3252
3253
3254
3255
3256
3257
3258
3352
3353
3354
3259
3260
3261
3262
3263
3264
3265
3266
3267
3268
3269
3270
3271
3272
3273
3274
3355
3386
3458
3457
3415
3507
3566
3565
3625
3624
3564
3563
3622
3621
3620
3562
3506
3456
3385
3454
3455
3505
3504
3503
3561
3560
3559
3558
3557
3617
3556
3555
3616
3554
2942
3067
3137
3066
3065
3136
3064
3063
3239
3240
3313
3241
3242
3243
3244
3245
3414
3553
3614
3552
3613
3551
3501
3499
3498
3497
3496
3495
3494
3493
3492
3491
3547
3611
3548
3549
3612
3550
3445
3446
3408
3409
3447
3448
3449
3410
3412
3451
3232
3233
3235
3236
3237
3238
3350
3348
3347
3346
3345
3344
3343
3342
3341
3340
3231
3230
3339
3229
3228
3227
3226
3225
3224
3312
3223
3222
2887
3338
3405
3444
3755
3756
3868
3758
3759
3760
3761
3762
3763
3764
3765
3766
3870
3767
3768
3769
3770
3771
3772
3921
3922
3923
3924
3775
3776
3871
3777
3778
3779
3780
3781
3782
3783
3784
3785
3872
3787
3788
3789
3790
3791
3793
3794
3795
3796
3873
3798
3799
3800
3801
3802
3803
3804
3805
3806
4183
4182
4060
4181
4237
4180
4179
4236
4178
4177
4176
4234
4175
4174
4233
4172
4171
4170
4232
4169
4168
4231
4167
4114
4113
4112
4111
4059
3962
4011
3961
4010
3960
4058
4165
4229
4164
4163
4228
4162
4161
4160
4227
4159
4158
4226
4157
4155
4009
3753
3752
3751
3750
3749
3748
3867
3747
3746
3745
3920
3919
3918
3917
3916
3337
3336
3335
3372
3334
3200
3201
3118
3119
3120
3121
3122
2932
2931
2880
2837
2812
2781
2605
2604
2780
2811
2836
2879
2930
2968
2835
2878
2929
2928
2877
2834
2810
2779
2809
2833
2876
2927
2967
2926
2875
2832
2831
2874
2925
2777
2778
2602
2601
2600
2599
2598
2597
2596
2595
2594
2593
2592
2591
2590
2589
2588
2587
2586
2776
2775
2774
2773
2585
2584
2583
2771
2772
2808
2829
2871
2920
2966
2919
2870
2830
2873
2924
2923
2922
2872
2999
2998
3108
3107
2997
3106
3105
2996
2995
2994
2993
2992
3038
3037
3104
3036
3035
3103
3102
3101
2991
2990
2989
2988
2987
3034
3033
3100
3032
3031
3099
3030
3029
3028
3097
3026
3025
3096
3024
3023
3022
3095
3094
2986
2964
2759
2543
2544
2545
2546
2547
2548
2734
2549
2550
2551
2552
2553
2555
2556
2557
2558
2735
2560
2561
2562
2563
2564
2566
2567
2344
2419
2343
2311
2310
2342
2418
2390
2389
2426
2425
2424
2476
2423
2422
2475
2421
2388
2387
2379
2341
2275
2233
2088
2089
2221
2090
2091
2092
2093
2094
2095
2096
2097
2276
2234
2235
2098
2099
2049
1944
1943
2048
1942
1941
1940
2047
1939
1938
2046
1937
1936
1935
2045
1934
1933
2044
1932
1931
1930
2043
1929
1928
2042
1927
2232
2231
2086
2085
2230
2338
2309
2285
2274
2229
2337
2308
2284
2273
2228
2272
2283
2307
2336
2377
2465
2466
2467
2468
2469
2470
2471
2472
2473
2474
2420
2339
2378
2340
2386
2912
2911
2860
2859
2910
2984
2985
3431
3430
3398
3378
3325
3326
3327
3171
3170
3169
3168
3167
3166
3324
3322
3377
3397
3429
3481
3589
3588
3587
3586
3585
3584
3480
3427
3395
3376
3396
3428
3470
3479
3524
3523
3522
3521
3426
3394
3375
3319
3165
3321
3320
3164
3163
3162
3161
3160
3159
3158
3157
3156
3155
3318
3374
3393
3425
3478
3583
3582
3581
3580
3579
3645
3644
3643
3642
3641
3520
3477
3476
3469
3424
3391
3316
3317
2980
2979
2978
2903
2852
2817
2806
2818
2853
2854
2904
2905
2855
2819
2746
2747
2748
2856
2906
2907
2981
2982
2983
2908
2857
2820
2909
2858
2821
2754
2755
2756
2757
2758
2541
2539
2538
2537
2536
2535
2534
2533
2532
2753
2752
2751
2750
2749
2531
2530
2529
2528
2527
2526
2525
2523
2522
2521
2520
2745
2384
2383
2376
2334
2306
2282
2225
2226
2227
2335
2385
2464
2463
2462
2461
2460
2459
2458
2518
2517
2516
2515
2514
2417
2374
2331
2305
2332
2375
2382
2416
2415
2414
2413
2373
2330
2304
2372
2219
2218
2217
2267
2268
2269
2270
2271
2220
2512
2456
2451
2497
2493
2437
2485
2603
2606
2736
2613
2618
2632
2636
2639
2658
2667
2676
2682
2743
2706
2714
2718
2719
2720
2721
2722
2723
2801
2802
2724
2725
2726
2727
2728
2729
2730
2731
2732
2805
2851
2902
2962
2804
2803
2850
2901
2961
2960
2900
3019
3092
3091
3090
3154
3153
3152
3151
3018
2958
2898
2849
2899
2959
2973
3017
3089
3088
3150
3087
3086
3147
3079
3075
3069
3133
3056
3049
3128
3046
2921
3039
3098
3027
3021
3093
3020
3085
2977
2976
2974
2963
2744
2713
2519
2524
2733
2540
2542
2554
2559
2565
2577
2457
2333
2210
2083
1901
1918
1884
1873
1869
1867
1420
1438
1460
1459
1437
1488
1489
1531
1578
1537
1540
1584
1550
1551
1470
1468
1492
1412
1367
1366
1358
1353
1348
1343
1338
1379
1332
1328
1318
1311
1406
1405
1404
1303
1209
1211
1150
1156
1077
1032
986
1221
1224
1178
1181
1227
1228
1184
1185
1186
1229
1187
1188
1230
1189
1190
1191
1231
1192
1193
1194
1108
1109
1110
1195
1111
1112
1196
1113
1114
1115
1056
1057
1116
1241
1386
1387
1389
1390
1242
1244
1245
1246
1247
1248
1446
1500
1499
1557
1556
1498
1444
1443
1442
1425
1472
1440
1415
1239
1238
1237
1236
1371
1235
1234
1233
1369
1368
1587
1552
1553
1554
1493
1497
1555
1603
1602
1601
1600
1599
1598
1821
1596
1595
1594
1593
1592
1591
1590
1589
1588
1820
1819
1818
1817
1816
1815
1814
1813
1812
1811
1841
1810
1809
1808
1807
1806
1805
1804
1803
1802
1801
1800
1792
1787
1781
1776
1770
1761
1756
1742
1732
1725
1719
1861
1862
1895
1881
1880
1894
1898
1883
1866
1865
1882
1897
2211
2203
2196
2189
2223
2165
2164
2159
2139
2135
1887
1874
1870
1847
1846
1845
1842
1597
1604
1610
1619
1629
1639
1652
1662
1665
1666
1668
1681
1690
1700
1857
1856
1855
1854
1853
1891
1876
1872
1868
1871
1875
1889
1905
1906
1907
1908
1909
1983
1986
1913
1914
2001
2011
2015
2018
2022
1916
2027
2028
2029
2030
1917
2031
2032
2081
2033
2034
2082
2035
2036
2037
2038
1919
1920
2039
1921
1922
1923
2040
1924
1925
2041
1926
1885
1886
1843
1844
1605
1606
1822
1607
1608
1609
1611
1612
1613
1614
1615
1616
1823
1617
1618
1620
1621
1622
1623
1624
1625
1626
1824
1627
1628
1630
1631
1632
1633
1634
1635
1636
1825
1637
1638
1640
1641
1642
1643
1644
1645
1646
1826
1647
1648
1649
1650
1651
1653
1654
1655
1656
1827
1657
1658
1659
1660
1661
1663
1664
1848
1849
1888
1904
1903
1899
1956
1955
2053
1954
1953
2052
1952
1951
1950
2051
1949
1948
2050
1947
1946
1945
2100
2101
2102
2103
2104
2105
2106
2107
2108
2109
2110
2111
2112
2113
2114
2115
2116
2117
2118
2119
2120
2121
2122
2123
2124
2125
2126
2127
2128
2240
2316
2348
2380
2394
2395
2396
2397
2398
2399
2400
2401
2402
2403
2404
2405
2438
2439
2351
2319
2290
2291
2320
2292
2321
2293
2254
2253
2252
2145
2144
2143
2142
2141
2140
2138
2137
2136
2134
2133
2132
2131
2130
2129
2241
2242
2243
2244
2245
2246
2247
2248
2249
2250
2251
2318
2350
2349
2317
2436
2435
2484
2434
2433
2483
2482
2481
2432
2431
2393
2392
2391
2345
2312
2286
2277
2287
2313
2288
2289
2314
2346
2347
2315
2239
2238
2237
2236
2430
2429
2480
2428
2427
2479
2478
2477
2763
2762
2761
2760
2822
2861
2823
2862
2824
2825
2863
2826
2864
2827
2913
2914
2865
2765
2764
2568
2569
2570
2571
2572
2573
2574
2575
2576
2578
2579
2766
2767
2768
2769
2580
2581
2582
2770
2807
2828
2869
2918
2965
2917
2868
2867
2916
2915
2866
3185
3329
3186
3187
3188
3189
3190
3191
3192
3193
3330
3331
3195
3332
3109
3110
3111
3040
3041
3112
3042
3043
3044
3045
3198
3113
3114
3115
3116
3117
2406
2407
2440
2294
2322
2352
2353
2354
2323
2295
2256
2255
2149
2148
2147
2146
2490
2489
2488
2487
2486
2381
2355
2324
2296
2278
2257
2150
2151
2258
2280
2279
2297
2325
2356
2152
2153
2281
2357
2616
2617
2737
2619
2620
2621
2622
2623
2624
2491
2441
2154
2155
2156
2157
2158
2222
2160
2161
2162
2163
2940
2939
2888
2495
2443
2442
2494
2492
2625
2626
2738
2627
2628
2629
2630
2631
2633
2634
2635
2787
2788
2789
2637
2638
2739
2640
2641
2642
2643
2644
2645
2496
2408
2409
2362
2361
2360
2326
2359
2358
2298
2166
2167
2259
2260
1727
1726
1858
1859
1860
1728
1729
1834
1730
1731
1733
1734
1735
1736
1737
1738
1739
1835
1740
1741
1743
1744
1745
1746
1747
1748
1749
1836
1750
1751
1752
1753
1754
1755
1757
1758
1759
1837
1760
1762
1763
1764
1765
1766
1767
1768
1769
1838
1771
1772
1773
1774
1775
1777
1778
1779
1780
1839
1782
1783
1784
1785
1786
1788
1789
1790
1791
1840
1793
1794
1795
1796
1797
1798
1799
1863
1864
1466
1467
1549
1491
1548
1547
1586
1546
1545
1585
1544
1543
1542
1583
1541
1539
1582
1538
1465
1422
1344
1345
1381
1346
1347
1349
1350
1351
1352
1354
1355
1356
1382
1357
1359
1360
1361
1362
1363
1364
1410
1365
1411
1384
1383
961
960
959
958
957
956
955
954
953
952
951
950
949
948
947
946
864
865
866
867
868
869
870
873
874
487
441
77
76
74
273
73
272
271
270
72
71
269
268
267
266
378
379
380
381
382
383
384
385
386
387
388
488
578
577
576
575
574
573
572
571
570
569
568
492
567
566
565
564
563
562
561
560
559
558
557
556
650
649
693
648
647
692
645
644
643
691
642
641
690
639
638
637
689
636
635
688
634
555
554
553
552
551
550
549
548
547
546
545
544
543
542
541
470
424
425
471
472
426
427
473
474
428
429
475
476
430
431
477
478
432
433
479
55
227
226
299
229
230
231
232
233
56
57
59
234
235
61
60
236
237
300
239
240
62
241
242
243
63
244
245
64
65
246
247
301
249
250
66
251
252
253
254
255
256
67
257
365
366
367
368
369
370
371
260
68
259
258
436
482
481
435
434
480
69
263
262
372
373
374
375
376
265
70
377
440
486
439
485
484
438
437
483
863
1038
992
991
1037
1036
990
989
1035
1034
988
987
1033
937
938
939
940
941
942
943
944
945
862
860
859
858
857
856
855
854
852
851
850
849
848
904
847
846
845
844
842
841
840
839
838
903
837
836
835
834
832
831
830
829
828
902
827
826
825
824
823
822
821
820
819
901
818
817
815
935
934
933
932
931
814
813
812
811
810
809
808
806
805
900
804
803
802
801
800
799
798
796
795
899
794
793
792
791
790
789
787
786
785
898
784
783
782
781
780
778
777
776
775
897
774
773
930
772
771
770
769
768
767
766
896
765
764
929
928
927
926
925
761
762
763
1027
1026
982
1025
981
980
1024
1067
1068
1069
1070
1133
1205
1134
1135
1206
1136
1137
1071
1138
1207
1139
1140
1208
1141
1142
1143
1210
1144
1145
1212
1146
1147
1148
1213
1149
1151
1214
1152
1153
1154
1215
1155
1157
1216
1158
1159
1072
1073
1074
1075
1076
1160
1217
1161
1162
1218
1163
1164
1165
1219
1166
1167
1220
1168
1169
1170
1222
1171
1172
1223
1173
1174
1175
1225
1176
1177
1226
1179
1180
1078
1079
1080
1081
1082
1083
1084
1085
1086
1182
1039
1040
993
994
1041
1042
995
1043
996
997
1044
1045
998
1046
999
1000
1047
1001
1048
1049
1101
1100
1099
1098
1097
1096
1095
1094
1093
1092
1091
1090
1089
1088
1087
2264
3005
3275
3276
3277
3278
3279
3280
3281
3282
3283
3284
3285
3286
3287
3288
3289
3290
3291
3292
3293
3294
3295
3296
3297
3298
3299
3359
3418
3462
3463
3512
3578
3577
3576
3575
3511
3510
3574
3573
3572
3571
3509
3459
3416
3357
3358
3387
3461
3460
3417
3570
3629
3569
3628
3568
3567
3627
3828
3829
3830
3831
3832
3833
3834
3835
3836
3837
3838
3839
3840
3841
3843
3844
3845
3846
3847
3848
3849
3850
3851
3929
3419
3388
3301
3300
3009
3010
3011
3012
2796
2795
2513
2216
2084
1915
1902
1896
2026
2025
2080
2024
2023
2079
2021
2020
2019
2078
2017
2016
2077
2014
2013
2012
2076
2010
2009
2075
2008
2007
2006
2074
2005
2004
2073
2003
2002
2000
2072
1999
1998
2071
1997
1996
1995
2070
1994
1993
2069
1992
1991
1990
2068
1989
1988
2067
1987
1912
1911
1910
1892
1878
1879
1893
1877
1985
2066
1984
2065
1982
1981
1980
2064
1979
1978
2063
1977
1976
1975
2062
1974
1973
2061
1972
1971
1970
2060
1969
1968
2059
1967
1966
1965
2058
1964
1963
2057
1962
1961
1960
2056
1959
1958
2055
1957
1890
2054
1900
1850
1851
1667
1852
1669
1670
1828
1671
1672
1673
1674
1675
1676
1677
1678
1679
1829
1680
1682
1683
1684
1685
1686
1687
1688
1689
1830
1691
1692
1693
1694
1695
1696
1697
1698
1699
1831
1701
1702
1703
1704
1705
1706
1707
1708
1709
1832
1710
1711
1712
1713
1714
1715
1716
1717
1718
1833
1720
1721
1722
1723
1724
1523
1573
1524
1525
1574
1526
1527
1462
1528
1575
1529
1530
1576
1532
1533
1463
1331
1330
1329
1327
1326
1325
1324
1378
1323
1322
1408
1407
1321
1320
1319
1317
1316
1315
1314
1377
1313
1312
1421
1461
985
1031
1030
984
983
1029
490
538
539
540
469
394
423
393
422
392
347
348
349
350
351
352
353
354
355
356
357
358
359
360
361
362
363
364
225
224
54
223
222
221
53
219
218
217
52
216
215
214
213
51
50
49
48
47
211
346
345
344
210
209
207
206
46
45
205
204
203
44
202
201
298
200
199
41
197
196
195
194
193
40
192
191
297
190
188
39
187
186
185
184
183
38
182
181
296
180
179
37
178
177
340
341
342
465
418
417
464
531
532
533
617
678
618
619
679
620
621
622
681
623
624
682
625
626
627
684
628
629
685
630
631
535
536
537
587
421
468
467
420
419
466
43
1569
1520
1570
1571
1521
1522
1572
1310
1309
1308
1307
1376
1306
1305
1304
1302
1301
1028
36
176
174
35
34
173
337
338
462
415
414
461
528
529
585
586
463
416
584
460
413
33
172
171
32
169
168
167
166
31
30
165
164
29
27
26
162
161
25
160
159
24
23
158
157
156
155
153
22
21
152
151
313
314
315
317
318
319
320
321
322
323
324
325
326
163
328
329
330
331
332
333
334
335
412
459
583
526
525
524
523
522
521
520
519
517
516
515
514
513
512
511
510
509
508
506
505
504
453
406
407
454
455
408
456
409
410
457
759
760
924
1023
1107
1022
979
978
1021
1106
1105
1019
977
1020
758
923
922
921
757
976
1017
1018
1066
1275
1277
1278
1280
1282
1281
1397
1398
1399
1400
1401
1402
1403
1283
1284
1374
1285
1286
1287
1288
1289
1290
1291
1292
1293
1375
1294
1295
1296
1297
1298
1299
1300
1458
1519
1518
1568
1517
1516
1567
1515
1514
1513
1566
1512
1511
1565
1510
1484
1485
1486
1487
1457
1456
1469
1483
1482
1481
1455
1436
1564
1509
1496
1453
1434
1433
1452
1495
1449
1429
1430
1450
1451
1432
1494
1479
1478
1477
1508
1507
1563
1506
1505
1562
1504
1448
1418
1262
1263
1373
1265
1266
1267
1268
1269
1270
1271
1272
1273
1394
1395
1396
1274
1132
1016
975
756
755
754
452
405
404
451
582
616
615
677
676
614
613
675
674
612
611
673
610
609
672
608
607
606
671
605
604
670
603
602
601
669
600
599
668
598
400
448
581
597
596
667
666
446
498
496
489
445
399
397
595
665
594
593
664
592
591
590
663
589
588
662
661
660
659
697
658
657
696
656
655
654
695
653
652
694
651
646
640
687
686
633
632
683
680
534
530
527
518
507
503
502
501
500
499
497
495
494
579
491
442
395
396
443
444
398
447
401
391
390
307
305
304
389
2
81
90
99
103
111
117
13
135
144
150
154
28
170
175
343
339
336
327
316
312
311
310
309
449
402
403
450
458
411
189
198
42
208
212
220
228
238
248
261
264
302
75
274
275
276
277
278
78
279
280
281
282
303
283
284
285
286
287
288
289
80
290
82
291
83
84
1
