4645
4646
4647
4648
4649
4650
4651
4652
4653
4654
4655
4707
4656
4657
4658
4659
4660
4708
4835
4866
4967
4966
4965
4834
4786
4746
4705
4745
4785
4833
4964
4963
4962
4961
4960
4959
4958
4957
4956
4955
5111
5110
5109
5108
5107
5106
5105
5104
5103
5102
5101
5100
5124
5095
5088
4946
4947
4948
4949
4862
4863
4827
4826
4781
4782
4744
4783
4829
4830
4950
4951
4952
4953
4954
4864
4831
4784
4703
4643
4644
4642
4641
4640
4639
4638
4637
4636
4635
4702
4701
4634
4633
4700
4699
4632
4631
4630
4629
4628
4627
4624
4694
4593
4588
4581
4578
4385
4390
4400
4406
4410
4427
4431
4311
4299
4277
4261
4327
4481
4482
4442
4443
4444
4445
4446
4300
4328
4447
4448
4449
4450
4451
4452
4312
4329
4453
4454
4455
4456
4457
4458
4459
4301
4278
4262
4302
4460
4461
4462
4463
4303
4279
4263
4465
4483
4484
4485
4486
4487
4488
4489
4490
4491
4330
4331
4332
4333
4334
4336
4335
4280
4264
4247
4218
4032
4033
4034
4035
4036
4038
4039
4040
4041
4042
4043
4045
3990
3989
3988
3987
3986
3985
3984
3983
3982
3981
3980
3979
3816
3786
3761
3750
3710
3709
3708
3546
3707
3706
3705
3704
3703
3702
3700
3699
3698
3697
3696
3695
3694
3693
3692
3691
3690
3689
3688
3687
3686
3685
3684
3683
3682
3678
3677
3679
3680
3681
3747
3782
3811
3850
3952
3953
3954
3955
3956
3957
3851
3812
3783
3748
3958
3959
3960
3961
3962
3963
3964
3965
3966
3968
3969
3970
3971
3972
3973
3974
3863
3852
3813
3759
3784
3853
3760
3749
3785
3814
3854
3864
3975
3976
3977
3978
4029
4031
4030
4028
4027
4026
4025
4024
4023
4022
4021
4020
4246
4217
4216
4215
4214
4213
4212
4245
4244
4211
4210
4209
4208
4207
4206
4205
4204
4203
4202
4243
4201
4200
4199
4198
4197
4196
4195
4194
4242
4193
4192
4191
4190
4189
4188
4187
4241
4183
4173
4169
4163
4148
4141
4133
4125
3926
3929
3934
3943
3947
3949
3950
3951
4017
4018
3879
3848
3862
3847
3810
3781
3745
3676
3675
3674
3673
3672
3670
3664
3661
3650
3643
3636
3632
3627
3620
3613
3606
3480
3481
3484
3413
3375
3340
3297
3198
3212
3219
3229
3230
3231
3232
3233
3234
3235
3236
3237
3238
3239
3240
3241
3242
3244
3245
3246
3249
3250
3248
3247
3304
3380
3303
3321
3346
3379
3499
3495
3505
3506
3507
3508
3509
3510
3511
3512
3513
3515
3516
3517
3419
3518
3519
3520
3521
3522
3523
3524
3381
3347
3322
3305
3256
3255
3254
3253
3252
3251
3070
3071
3072
3073
2942
2943
2945
2914
2896
2915
2946
2947
2948
2976
2975
2974
3263
3262
3261
3260
3259
3258
3257
3306
3323
3348
3383
3525
3526
3527
3420
3385
3384
3349
3307
3267
3092
3093
3094
3095
2916
2897
2882
2841
2842
2673
2674
2675
2676
2677
2678
2679
2680
2681
2683
2684
2685
2686
2687
2688
2689
2690
2691
2843
2692
2587
2588
2589
2590
2591
2592
2593
2594
2595
2596
2698
2697
2696
2695
2694
2844
2918
2883
2898
2917
2987
2986
2985
2984
2983
2982
2981
2980
2979
2977
2978
3100
3099
3098
3097
3096
3269
3268
3311
3324
3350
3386
3421
3422
3423
3424
3528
3529
3530
3531
3392
3352
3393
3425
3426
3427
3428
3429
3532
3533
3534
3535
3394
3387
3353
3325
3312
3271
3101
3102
3103
3104
3105
3272
3273
3274
3106
3107
3108
3109
3110
3111
3275
3313
3328
3357
3356
3327
3355
3326
3354
3430
3431
3395
3396
3432
3433
3434
3435
3436
3437
3438
3559
3558
3557
3556
3555
3554
3553
3552
3790
3821
3765
3754
3714
3713
3551
3550
3549
3548
3547
3711
3751
3762
3787
3817
3855
3818
3788
3763
3752
3753
3764
3789
3820
3991
3992
3993
3994
3881
3882
3883
3884
3885
3886
4049
4048
4047
4219
4050
4051
4052
4220
4221
4222
4223
4284
4268
4252
4224
4054
4055
4057
4058
4059
4060
4061
4062
4063
4064
4066
4225
4067
4068
4069
4226
4227
4228
4070
4071
4072
4073
4074
4076
4077
4288
4287
4286
4270
4254
4253
4269
4285
4357
4356
4355
4354
4353
4352
4316
4315
4314
4283
4251
4267
4250
4249
4266
4313
4350
4349
4348
4282
4265
4248
4281
4346
4344
4343
4342
4341
4340
4339
4338
4337
4501
4663
4664
4503
4502
4500
4499
4498
4497
4496
4495
4494
4493
4492
4661
4717
4747
4788
4869
4867
4868
4870
4871
4872
4873
4874
4875
4876
4877
4878
4879
4789
4748
4718
4749
4790
4846
4836
4791
4750
4719
4709
4665
4710
4720
4751
4792
4793
4972
4971
4970
4969
4968
5011
5012
5131
5130
5129
5128
5010
5009
5008
5127
5181
5192
5224
5260
5261
5193
5225
5226
5262
5263
5227
5264
5319
5318
5317
5433
5432
5431
5430
5429
5428
5427
5426
5425
5424
5484
5483
5482
5481
5480
5558
5479
5557
5556
5478
5551
5550
5606
5605
5631
5676
5632
5728
5633
5679
5742
5743
5744
5730
5680
5634
5610
5681
5635
5682
5783
5835
5834
5935
5934
5833
5832
5831
5933
5988
6063
6064
6017
6019
6065
6161
6128
6127
6165
6126
6160
6159
6125
6112
6158
6157
6111
6061
5984
5927
5928
5985
5986
5987
5782
5781
5675
5630
5727
5629
5417
5418
5419
5420
5299
5257
5218
5177
5315
5421
5422
5347
5300
5350
5351
5352
5353
5354
5355
5356
5357
5302
5258
5222
5179
5189
5259
5223
5191
5180
5125
5007
5006
5005
5004
5003
5002
5001
5000
4999
5123
5178
5122
5121
5120
5119
5118
5117
5116
5115
5114
5113
5112
5175
5217
5256
5298
5416
5415
5414
5413
5412
5411
5410
5468
5409
5408
5467
5400
5460
5459
5339
5456
5455
5527
5531
5543
5544
5545
5553
5546
5547
5548
5549
5828
5798
5797
5918
5919
5920
5921
5931
5922
5923
5924
5925
5926
6060
6188
6219
6187
6218
6186
6185
6184
6217
6183
6182
6216
6181
6178
6173
6203
6171
6170
6194
6169
6227
6230
6337
6247
6250
6254
6257
6261
6276
6278
6287
6293
6338
6308
6309
6312
6313
6314
6315
6316
6317
6318
6339
6319
6320
6321
6322
6323
6324
6325
6326
6327
6340
6328
6329
6330
6331
6332
6333
6334
6394
6335
6221
6222
6223
6224
6225
6226
6228
6229
6344
6407
6445
6494
6493
6444
6343
6342
6406
6443
6492
6540
6578
6607
6606
6656
6605
6604
6655
6603
6602
6601
6654
6600
6599
6653
6598
6597
6596
6652
6595
6594
6651
6592
6591
6590
6623
6588
6587
6611
6581
6667
6660
6760
6761
6678
6691
6693
6756
6702
6706
6712
6713
6716
6725
6726
6727
6728
6758
6729
6730
6731
6732
6733
6734
6735
6736
6737
6738
6739
6740
6741
6799
6797
6796
6824
6851
6890
6825
6852
6891
6853
6826
6892
6906
6893
6854
6827
6828
6855
6894
6895
6856
6829
6830
6857
6896
6831
6897
6858
6832
6859
6898
6860
6806
6805
6804
6803
6802
6801
6800
6742
6743
6744
6745
6746
6747
6748
6749
6750
6751
6752
6753
6608
6553
6579
6580
6658
6659
6661
6662
6663
6754
6610
6584
6583
6609
6582
6554
6541
6495
6446
6408
6345
6346
6232
6231
6162
6066
6020
6021
6067
5936
5837
5838
5839
5840
5842
5843
5844
5845
5939
5940
5941
5942
5943
5848
5847
5846
5748
5749
5688
5641
5617
5640
5687
5639
5686
5784
5747
5746
5745
5636
5683
5637
5684
5685
5638
5616
5562
5561
5560
5559
5485
5486
5487
5488
5489
5490
5491
5563
5564
5565
5492
5493
5494
5566
5567
5496
5495
5438
5437
5436
5435
5434
5303
5265
5229
5194
5182
5132
5133
5134
5183
5195
5230
5266
5267
5136
5013
5137
5014
5138
5184
5198
5231
5270
5304
5441
5442
5440
5439
5197
5269
5268
5321
5358
5498
5497
5568
5569
5570
5571
5572
5499
5573
5646
5693
5692
5645
5619
5612
5611
5618
5644
5691
5731
5690
5643
5642
5689
5750
5751
5752
5753
5799
5800
5801
5802
5803
5804
5951
5950
5949
5948
5991
6001
6033
6080
6081
6082
6138
6137
6136
6193
6192
6191
6190
6189
6135
6134
6114
6079
6000
5990
6032
6031
6078
6077
6030
6076
6029
5999
5945
5946
5947
5858
5857
5856
5854
5853
5852
5850
5849
5944
5998
6027
6074
6028
6075
6164
6168
6133
6132
6073
6026
5997
6025
6072
6071
6024
6070
6131
6163
6069
6023
5938
5996
6022
6068
6130
6166
6167
6233
6234
6336
6235
6236
6237
6238
6239
6240
6241
6242
6243
6347
6348
6244
6245
6246
6248
6349
6411
6449
6498
6497
6448
6410
6409
6447
6496
6585
6586
6664
6665
6666
6668
6938
6963
6937
6962
6961
6936
6960
6996
6997
6998
6999
7124
7001
7002
7003
7004
7005
7006
7007
7008
7009
7125
7011
7012
7013
7014
7015
7016
7017
7018
7019
7126
7021
7022
7023
7024
7025
7027
7028
7029
7030
7134
7236
7183
7206
7235
7309
7308
7340
7307
7306
7339
7304
7303
7302
7338
7301
7300
7337
7299
7298
7297
7336
7296
7295
7335
7294
7293
7292
6994
6993
6992
6991
6990
7123
6989
6988
7122
7121
7120
7177
7176
7175
7119
7118
7117
7116
7174
7115
7114
7113
7173
7199
7228
7260
7198
7227
7259
7258
7226
7197
7171
7172
7111
7112
6935
7110
7109
7108
7107
7106
7168
7169
7196
7225
7257
7256
7224
7195
7255
7223
7194
7193
7222
7254
7332
7331
7366
7330
7329
7365
7328
7321
7317
7352
7311
7310
7341
7305
7395
7503
7546
7367
7269
7178
6986
6908
6889
6907
6909
6987
7170
7253
7181
7204
7233
7234
7205
7182
7133
7132
6995
7000
7010
7020
7026
7127
7036
7038
7046
7048
7050
7066
7074
7086
7092
7131
7094
7095
7096
7097
7098
7099
7100
7101
7102
7103
7166
7167
7104
7105
6959
6958
6985
6957
6956
6984
6955
6954
6953
6980
6949
6947
6973
6946
6944
6910
6862
6861
6833
6810
6759
6798
6807
6657
6552
6539
6393
6341
6220
6113
6124
6156
6129
6062
6018
5995
5994
5989
5983
5830
5841
5836
5937
5851
5855
5929
5861
5865
5871
5874
5877
5890
5901
5910
5912
5930
5913
5914
5915
5917
5916
5827
5826
5795
5815
5446
5445
5444
5443
5604
5726
5678
5780
5932
5829
5729
5677
5615
5609
5608
5607
5555
5554
5552
5477
5475
5473
5472
5471
5470
5469
5423
5349
5348
5301
5220
4998
5314
5346
5316
5320
5323
5282
5287
5309
5246
5207
5165
5156
5143
5199
5232
5271
5305
5196
5228
5190
5221
5219
5176
5126
5135
4887
4888
4894
4897
4903
4908
4912
4924
4928
4861
4818
4807
4765
4731
4688
4573
4564
4558
4553
4548
4539
4532
4523
4518
4666
4662
4787
4845
4847
4865
4832
4828
4704
4706
4464
4345
4347
4351
4358
4366
4370
4377
4103
4110
4117
4095
4086
4082
4075
4065
4056
4053
4046
4044
4037
4019
3967
3880
3849
3815
3819
3794
3825
3916
3919
3922
3870
3869
3827
3796
3726
3723
3582
3592
3720
3715
3712
3746
3701
3514
3382
3351
3450
3454
3457
3365
3333
3315
3291
3189
3185
3181
3176
3167
3154
3143
3139
3133
3129
3276
3270
3266
3243
2956
2960
2961
2924
2920
2944
2973
2955
2874
2682
2693
2846
2850
2854
2743
2750
2757
2770
2780
2864
2892
2909
2935
3026
3021
3048
3051
3056
3057
3058
3059
2939
2911
2893
2871
2811
2810
2809
2808
2807
2790
2795
2801
2659
2636
2484
2520
2557
2552
2511
2476
2502
2545
2544
2534
2412
2448
2411
2257
2255
2253
2068
2038
2112
2135
2144
2145
2292
2301
2318
2422
2428
2335
2369
2383
2384
2385
2386
2387
2228
2227
2226
2137
2133
2099
2062
2098
2061
2015
2014
2009
2007
2003
2055
2088
2091
2056
2033
2093
2058
2035
2060
2095
2128
2127
2180
2125
2124
2123
2076
2082
2051
1991
1996
1998
2000
1892
1869
1862
1834
1829
2019
1725
1704
1724
1662
1633
1610
1428
1326
1325
1388
1317
1284
1253
1014
1006
1140
1180
1003
1002
1001
1000
927
921
922
930
856
1038
1048
1070
1101
1125
1126
1127
1128
1129
1130
1142
1131
1132
1133
1134
1135
1136
1137
1138
1139
1141
1004
1143
1207
1243
1242
1241
1287
1324
1323
1286
1240
1239
1285
1322
1387
1386
1418
1385
1384
1417
1383
1382
1381
1321
1238
1283
1320
1281
1237
1232
1273
1226
1265
1318
1319
1507
1515
1538
1547
1550
1551
1552
1553
1554
1555
1556
1557
1558
1559
1560
1561
1562
1563
1564
1609
1608
1607
1606
1605
1604
1603
1602
1601
1600
1651
1689
1652
1630
1653
1690
1691
1654
1655
1692
1656
1693
1694
1658
1695
1657
1631
1659
1696
1726
1697
1660
1565
1566
1567
1569
1571
1570
1568
1611
1632
1661
1698
1794
1795
1796
1705
1699
1663
1634
1615
1574
1575
1419
1420
1421
1422
1423
1424
1425
1426
1427
1429
1430
1431
1432
1433
1434
1435
1436
1437
1438
1577
1439
1440
1441
1301
1300
1299
1248
1212
1213
1249
1214
1250
1251
1151
1150
1149
1015
1013
1012
1011
1148
1147
1146
1010
1009
1145
1181
1188
1210
1209
1245
1288
1246
1247
1211
1298
1297
1391
1390
1296
1389
1244
1208
1187
1144
1008
1007
1005
932
923
924
850
822
821
849
848
979
931
929
978
928
977
976
999
975
974
998
973
972
971
997
970
969
996
968
967
966
995
965
964
994
963
926
989
875
838
693
674
608
563
561
596
557
594
634
804
803
889
757
582
368
292
300
303
387
310
311
317
321
326
344
346
356
357
388
360
361
362
363
364
365
366
367
369
389
370
371
372
373
374
375
376
377
378
390
379
380
381
382
383
384
385
282
283
386
284
285
286
287
288
289
290
391
476
477
448
516
552
551
593
550
549
592
548
591
590
629
589
588
628
587
586
585
627
584
583
626
581
580
579
625
578
577
624
576
568
567
729
730
760
732
733
734
735
736
737
738
739
740
761
741
742
743
744
745
746
747
748
749
762
750
751
752
753
754
755
756
630
631
758
632
633
635
636
637
638
639
640
641
763
764
765
766
642
643
644
645
646
647
553
554
555
556
595
481
451
558
545
482
452
483
517
518
559
560
655
654
653
772
807
811
829
860
812
861
813
862
658
657
656
659
773
774
775
660
661
776
777
778
779
866
892
865
832
864
831
830
863
899
900
901
902
903
904
905
938
906
867
833
780
665
664
663
662
607
606
605
604
603
602
601
600
599
598
597
523
522
521
520
519
513
484
453
485
397
398
399
309
308
396
395
307
306
252
253
193
172
157
192
171
191
223
250
249
394
393
305
304
302
301
299
298
297
296
295
294
450
480
544
479
449
478
392
293
291
234
235
222
186
168
185
184
233
274
232
231
273
229
167
210
281
272
271
280
279
270
278
201
264
263
276
251
242
275
230
221
214
165
164
65
69
75
149
86
89
15
101
104
106
31
122
125
41
44
58
59
139
140
60
141
142
61
143
150
62
144
145
146
147
63
64
66
0
1
67
68
148
70
71
2
72
73
74
76
3
4
5
6
7
8
77
78
151
79
9
10
11
80
81
82
12
84
87
88
13
85
83
153
152
169
187
236
237
215
211
216
238
239
240
241
188
154
14
90
91
92
93
16
94
95
96
17
18
97
155
170
189
243
244
245
246
247
248
217
190
156
98
99
19
100
20
21
102
103
22
23
105
24
25
26
107
108
27
28
109
110
111
112
113
114
115
29
116
117
118
30
120
119
195
174
121
32
33
159
123
34
35
124
36
37
126
38
39
127
40
160
128
42
43
129
45
130
46
47
131
132
48
49
133
134
135
51
50
52
136
137
138
53
54
55
56
57
163
162
209
213
220
359
358
208
183
207
182
161
181
206
205
180
179
204
225
226
227
212
219
266
267
228
268
269
428
437
447
475
510
511
429
512
759
731
888
962
961
960
959
958
957
1121
1120
1119
1118
1117
1116
1115
1114
1173
1174
1175
1205
1204
1186
1235
1277
1313
1312
1311
1276
1234
1275
1415
1376
1375
1374
1373
1372
1371
1370
1369
1414
1413
1412
1411
1310
1295
1274
1233
1203
1172
1102
1103
1104
1105
1106
1107
1108
1109
1110
1111
1112
1113
920
883
884
844
817
885
845
818
800
819
846
886
887
847
820
801
802
723
725
726
728
727
724
722
721
720
719
718
717
716
715
714
713
799
798
712
711
797
882
881
956
955
954
953
952
951
950
949
948
919
918
917
916
915
914
913
912
911
910
1089
1170
1090
1091
1092
1093
1094
1095
1096
1097
1100
1099
1098
1171
1202
1231
1272
1294
1309
1409
1365
1364
1363
1362
1509
1510
1596
1597
1511
1512
1513
1514
1410
1366
1367
1368
1516
1517
1572
1518
1519
1520
1521
1522
1523
1524
1525
1526
1573
1527
1528
1529
1530
1531
1532
1533
1534
1535
1537
1536
1416
1377
1378
1379
1278
1236
1206
1176
1122
1123
1177
1178
1179
1124
993
1282
1280
1279
1314
1315
1316
1380
1548
1549
1685
1684
1649
1628
1599
1546
1545
1544
1543
1542
1541
1540
1539
1598
1627
1648
1683
1790
1789
1788
1787
1786
1785
1819
1784
1783
1818
1782
1781
1780
1817
1779
1778
1816
1777
1775
1774
1773
1717
1716
1682
1715
1714
1713
1681
1647
1593
1594
1595
1508
1506
1505
1504
1502
1503
1359
1360
1361
1271
1270
1230
1201
1169
1088
1087
1086
1085
1084
1083
1082
1168
943
944
945
946
947
909
874
839
876
877
840
841
878
842
879
880
843
796
795
794
793
792
791
790
789
788
691
692
694
695
696
697
698
699
700
701
702
703
704
705
706
707
708
709
710
547
505
471
506
543
569
570
571
572
573
574
575
613
614
615
616
617
618
619
620
621
622
623
509
474
446
436
427
508
473
445
435
426
434
515
507
472
444
355
354
353
352
351
350
349
348
347
425
345
277
203
265
218
202
178
200
224
338
337
336
415
414
413
412
335
334
411
465
498
466
499
500
467
501
468
416
417
339
340
418
419
420
341
342
343
421
422
423
424
504
542
541
540
539
503
470
469
502
538
537
536
535
534
533
532
531
530
529
565
566
497
464
443
410
333
332
331
329
330
199
177
176
198
197
175
196
319
318
316
315
408
407
314
406
405
404
403
312
313
262
261
260
259
258
257
256
255
194
173
166
158
254
400
430
438
455
454
486
514
487
456
488
439
431
401
432
440
457
489
402
433
441
458
490
459
491
524
525
526
492
460
461
493
494
527
528
562
564
495
462
442
409
320
322
323
324
325
327
328
463
496
546
612
611
610
609
672
671
670
669
668
783
782
667
666
781
868
869
834
835
870
907
908
939
940
941
942
871
836
814
784
673
675
676
677
678
679
680
681
682
683
684
685
686
687
688
689
690
786
787
785
816
837
873
872
815
992
991
990
1079
1078
1077
1076
1075
1074
1073
1072
1071
1069
1068
1067
1066
1065
1064
1063
1062
1061
1165
1197
1225
1264
1060
1059
1058
1057
1056
1164
1196
1224
1263
1343
1342
1401
1402
1403
1487
1489
1488
1587
1622
1674
1675
1676
1642
1623
1588
1589
1491
1490
1344
1345
1346
1347
1348
1349
1350
1351
1352
1353
1354
1355
1356
1357
1358
1266
1227
1198
1292
1267
1228
1199
1184
1166
1080
1081
1167
1185
1200
1229
1268
1293
1269
1308
1408
1407
1406
1405
1404
1501
1591
1500
1499
1498
1497
1496
1495
1494
1493
1492
1590
1643
1677
1712
1766
1767
1807
1808
1809
1678
1644
1624
1703
1679
1645
1625
1613
1592
1614
1626
1646
1680
1810
1811
1812
1813
1814
1768
1769
1770
1771
1815
1920
1919
1918
1917
1915
2002
2001
1914
1913
1912
1911
1910
1909
1908
1907
1906
1905
1904
1903
1902
1901
1900
1899
1898
1897
1896
1895
1894
1893
1891
1890
1889
1888
1887
1886
1711
1702
1765
1764
1763
1762
1710
1709
1708
1672
1673
1486
1485
1484
1483
1586
1585
1584
1482
1481
1480
1479
1337
1338
1339
1340
1341
1397
1398
1399
1400
1307
1291
1262
1223
1195
1163
1054
1055
1053
1052
1051
1050
1049
1047
1046
1045
1044
1162
1161
1043
1042
1041
1040
1039
1160
1194
1222
1260
1261
1336
1335
1306
1290
1305
1304
1303
1302
1259
1221
1258
1220
1193
1219
1257
1256
1218
1192
1183
1154
1182
1191
1217
1255
1289
1254
1216
1190
1153
1029
1028
1027
1026
1025
1024
1023
1022
1021
1020
936
896
897
855
826
808
857
898
937
1030
1031
1032
1033
1034
1155
1035
1156
1157
1158
1159
1036
1037
988
987
986
985
984
983
982
981
980
891
858
827
809
805
828
859
810
806
771
652
651
770
650
649
769
768
767
648
825
854
935
934
933
925
895
853
824
890
852
823
851
893
894
1016
1017
1018
1019
1152
1189
1215
1252
1327
1328
1329
1330
1331
1332
1392
1393
1394
1395
1396
1334
1333
1466
1465
1467
1468
1469
1470
1582
1471
1472
1473
1474
1475
1476
1477
1478
1583
1621
1641
1671
1701
1707
1800
1801
1802
1803
1804
1805
1806
1877
1876
1875
1874
1873
1872
1871
1870
1868
1867
1866
1863
1864
1865
1761
1760
1759
1758
1757
1706
1640
1670
1799
1756
1755
1754
1669
1639
1620
1581
1464
1463
1462
1461
1460
1459
1458
1457
1456
1580
1455
1454
1453
1452
1451
1450
1449
1448
1447
1446
1445
1444
1443
1442
1578
1666
1667
1637
1618
1579
1619
1638
1668
1752
1753
1751
1750
1749
1748
1747
1746
1745
1744
1743
1742
1741
1740
1739
1798
1797
1700
1665
1636
1617
1612
1576
1616
1635
1664
1737
1738
1736
1735
1734
1733
1732
1731
1730
1729
1728
1727
1826
1827
1828
1830
2040
2070
2143
2142
2114
2234
2233
2141
2140
2231
2232
2107
2069
2039
2023
1982
1825
1824
1823
1979
1978
1977
1976
2021
2020
2106
2136
2113
2105
2139
2134
2103
2066
2104
2067
2018
1975
1974
1973
1793
1723
1722
1721
1720
1719
1718
1688
1687
1650
1629
1686
1792
1791
1776
1772
1916
1924
1933
1944
1956
1959
1960
1961
1962
1963
1964
1965
1966
1967
1968
1969
1970
1971
1972
2017
2065
2102
2101
2064
2037
2016
2036
2063
2100
2229
2230
2138
2447
2456
2468
2496
2536
2543
2535
2495
2467
2455
2393
2392
2391
2390
2389
2388
2446
2466
2494
2533
2643
2642
2812
2813
2814
2815
2816
2817
2818
2660
2661
2662
2663
2664
2665
2666
2667
2668
2669
2670
2827
2826
2825
2824
2823
2822
2821
2820
2819
2872
2894
2912
2940
3062
3060
3061
3063
3064
3065
3066
3067
3068
3069
2941
2913
2895
2873
2828
2829
2830
2831
2832
2833
2875
2876
2877
2834
2835
2836
2878
2879
2672
2840
2581
2580
2579
2578
2577
2576
2575
2574
2573
2572
2649
2648
2647
2571
2570
2646
2645
2644
2671
2537
2497
2469
2457
2449
2394
2395
2396
2397
2398
2399
2400
2451
2450
2470
2498
2538
2539
2499
2452
2401
2402
2403
2404
2405
2406
2500
2540
2471
2453
2407
2258
2259
2260
2261
2262
2263
2264
2265
2266
2267
2268
2269
2270
2271
2413
2501
2503
2546
2582
2583
2584
2585
2586
2650
2651
2547
2541
2504
2472
2458
2414
2281
2280
2279
2278
2277
2276
2275
2274
2273
2272
2236
2235
2115
2108
2071
2041
2024
1831
1832
1833
1835
1836
1837
1838
1839
1840
1841
1842
1843
1845
1844
1986
1985
2027
2044
2074
2073
2043
2026
1984
1983
2025
2042
2072
2146
2147
2148
2149
2150
2151
2237
2238
2283
2282
2284
2285
2286
2287
2288
2289
2290
2291
2293
2294
2295
2415
2459
2473
2505
2506
2416
2296
2297
2298
2299
2417
2507
2597
2598
2599
2600
2548
2508
2474
2460
2418
2300
2302
2303
2304
2305
2306
2307
2308
2309
2310
2242
2243
2156
2155
2154
2122
2121
2120
2119
2153
2152
2118
2117
2078
2047
2029
2046
2077
2241
2240
2239
2116
2109
2075
2045
2028
1987
1846
1847
1988
1848
1849
1989
1990
1850
1851
1852
1853
1854
1992
2048
2079
2049
2080
2081
2050
1993
1855
1856
1994
1995
1857
1858
1859
1860
1861
1997
2022
2030
2052
2083
2110
2084
2157
2158
2159
2160
2161
2162
2163
2164
2165
2166
2167
2168
2085
2053
2031
1999
1878
1879
1880
1881
1882
1883
1884
1885
2086
2174
2175
2173
2172
2171
2170
2169
2325
2326
2327
2430
2429
2427
2426
2425
2424
2324
2323
2322
2321
2320
2319
2423
2421
2317
2316
2315
2314
2313
2312
2311
2419
2420
2475
2509
2510
2512
2477
2513
2615
2614
2613
2612
2551
2611
2610
2609
2608
2607
2550
2549
2606
2605
2604
2603
2602
2601
2921
3001
3000
2999
2998
2997
2996
2995
2994
2993
2992
3116
3115
3114
3113
3112
2988
2989
2990
2991
2919
2899
2884
2845
2699
2700
2701
2702
2703
2704
2705
2706
2707
2708
2709
2710
2711
2712
2713
2714
2715
2716
2847
2848
2849
2717
2718
2851
2852
2719
2720
2853
2721
2722
2723
2724
2725
2726
2727
2855
2889
2904
2928
2953
2962
2929
2905
2963
2964
3010
3011
2965
2966
2930
2906
2858
2859
2734
2733
2732
2731
2730
2729
2857
2856
2728
2560
2559
2558
2556
2555
2554
2553
2514
2478
2515
2479
2480
2516
2481
2517
2518
2482
2431
2328
2329
2330
2433
2432
2521
2485
2483
2519
2561
2562
2616
2617
2618
2619
2563
2564
2620
2621
2622
2623
2624
2625
2525
2526
2489
2462
2437
2438
2439
2463
2490
2527
2626
2627
2628
2629
2630
2652
2653
2632
2631
2565
2542
2528
2491
2464
2440
2361
2362
2360
2359
2358
2357
2356
2355
2354
2353
2352
2351
2350
2349
2348
2347
2346
2345
2344
2343
2342
2436
2461
2488
2524
2523
2487
2522
2486
2434
2435
2341
2340
2339
2338
2337
2336
2334
2333
2332
2331
2176
2177
2178
2179
2181
2182
2183
2184
2185
2186
2187
2188
2189
2190
2191
2192
2193
2194
2195
2196
2197
2198
2199
2200
2087
2032
2054
2111
2126
2201
2202
2203
2204
2244
2363
2364
2365
2529
2634
2633
2654
2760
2759
2758
2756
2755
2754
2753
2752
2751
2862
2933
3020
3019
3018
2932
2907
2890
2861
2749
2748
2747
2746
2745
2744
2742
2741
2740
2739
2738
2736
2735
2737
2860
2931
3017
3016
3015
3014
3013
3012
3156
3155
3153
3288
3289
3290
3157
3158
3159
3160
3161
3162
3163
3164
3165
3166
3168
3169
3170
3171
3172
3173
3174
3175
3177
3178
3179
3180
3182
3292
3183
3184
3293
3294
3186
3187
3188
3190
3191
3192
3295
3296
3193
3194
3264
3195
3196
3197
3199
3200
3201
3202
3203
3204
3265
3205
3206
3207
3208
3209
3210
3211
3213
3214
3215
3216
3217
3218
3220
3221
3222
3223
3298
3299
3224
3225
3226
3227
3228
2967
3055
3054
3053
3052
3091
3050
3049
3090
3047
3046
3045
3089
3044
3043
3088
3042
3041
3040
3087
3039
3038
3086
3037
3036
3035
3034
3033
3032
3031
3030
3029
3028
3027
3025
3024
3022
3023
2934
2908
2891
2863
2761
2762
2763
2764
2765
2766
2767
2768
2769
2771
2772
2773
2774
2837
2775
2776
2777
2778
2779
2781
2782
2783
2784
2838
2785
2786
2787
2788
2789
2657
2656
2655
2635
2366
2367
2368
2370
2371
2408
2372
2373
2374
2375
2217
2218
2219
2220
2008
2034
2057
2092
2216
2215
2214
2213
2248
2212
2211
2247
2210
2209
2208
2246
2207
2206
2245
2205
2090
2089
2004
2005
2006
1921
1922
1980
1923
1925
1926
1927
1928
1929
1930
1931
1932
1981
1934
1935
1936
1937
1938
1939
1940
1941
1942
1943
1945
1946
1947
1948
1949
1950
1951
1952
1820
1821
1822
1958
2013
1957
1955
1954
1953
2012
2011
2010
2059
2094
2129
2130
2131
2221
2222
2223
2224
2225
2132
2096
2097
2249
2250
2251
2252
2254
2256
2382
2409
2445
2410
2454
2381
2380
2379
2444
2443
2378
2377
2376
2441
2442
2493
2532
2531
2492
2465
2530
2658
2638
2637
2791
2792
2793
2794
2839
2796
2797
2798
2799
2800
2802
2803
2804
2805
2566
2567
2568
2569
2639
2640
2641
2806
2865
2910
2936
2866
2867
2868
2869
2870
2938
2937
2954
2968
2969
2970
2971
2972
3302
3320
3345
3319
3301
3300
3318
3344
3391
3378
3343
3317
3342
3377
3415
3501
3500
3498
3414
3341
3310
3316
3376
3497
3496
3494
3493
3545
3492
3491
3544
3490
3489
3488
3543
3487
3486
3542
3485
3412
3411
3374
3339
3373
3483
3482
3410
3409
3372
3338
3371
3337
3408
3370
3369
3479
3478
3477
3476
3475
3474
3473
3472
3471
3470
3469
3468
3467
3466
3465
3407
3368
3336
3335
3367
3334
3366
3364
3332
3287
3286
3285
3363
3402
3403
3404
3405
3406
3618
3617
3616
3615
3614
3612
3611
3610
3609
3608
3607
3729
3728
3605
3604
3603
3602
3601
3600
3727
3725
3770
3797
3828
3829
3798
3771
3830
3799
3831
3871
3911
3910
3909
3908
3907
3906
3905
3904
3903
3826
3795
3769
3724
3587
3588
3589
3590
3591
3593
3594
3595
3596
3597
3598
3599
3464
3463
3462
3461
3460
3459
3458
3401
3361
3362
3331
3283
3284
3142
3144
3145
3146
3147
3148
3149
3150
3151
3152
3085
3084
3083
3082
3009
3008
3007
3006
3005
3004
3081
3080
3141
3140
3138
3137
3136
3135
3134
3079
3078
2952
2927
2903
2881
2888
2926
2902
2887
2880
2886
2901
2925
2951
2959
2950
2958
3077
3076
3075
3074
2922
2923
2900
2885
2949
2957
3003
3002
3125
3126
3127
3128
3281
3130
3131
3132
3282
3314
3330
3360
3390
3389
3359
3329
3280
3279
3309
3278
3124
3123
3122
3121
3117
3118
3119
3120
3277
3358
3397
3439
3440
3441
3442
3443
3444
3445
3388
3308
3536
3537
3398
3446
3447
3399
3448
3449
3538
3400
3539
3540
3541
3451
3452
3453
3455
3456
3586
3585
3584
3583
3722
3721
3581
3580
3579
3578
3577
3576
3719
3718
3575
3717
3574
3573
3572
3571
3570
3569
3568
3567
3566
3565
3564
3563
3562
3561
3560
3716
3766
3791
3822
3887
3888
3889
3890
3891
3892
3893
3894
3823
3792
3767
3768
3755
3865
3866
3895
3896
3897
3898
3867
3824
3793
3856
3868
3899
3900
3901
3902
4078
4079
4080
4081
4083
4084
4085
4229
4087
4088
4089
4090
4091
4092
4093
4094
4096
4097
4098
4099
4230
4231
4100
4101
4102
3912
3913
3914
3915
3917
3918
4104
4105
4106
4107
4108
4109
4111
4112
4232
4256
4272
4291
4306
4320
4388
4389
4387
4470
4469
4386
4384
4383
4382
4468
4381
4380
4290
4271
4255
4289
4305
4319
4467
4466
4379
4378
4376
4375
4374
4373
4372
4371
4318
4304
4369
4368
4367
4365
4364
4363
4362
4361
4317
4359
4360
4541
4675
4542
4543
4544
4545
4546
4547
4549
4550
4551
4552
4554
4555
4556
4679
4557
4559
4560
4561
4562
4563
4680
4729
4763
4805
4911
4910
4909
4907
4852
4838
4906
4905
4904
4902
4851
4850
4803
4761
4804
4762
4678
4677
4676
4728
4760
4802
4899
4898
4900
4901
5032
5031
5030
5029
5144
5028
5027
5026
5025
5142
5202
5274
5235
5141
5140
5016
5017
5018
5019
5020
5021
5022
5023
5024
4849
4727
4759
4801
4800
4758
4726
4757
4799
4798
4756
4725
4672
4673
4674
4540
4538
4537
4536
4535
4534
4533
4531
4530
4671
4529
4528
4527
4526
4525
4524
4522
4521
4520
4669
4668
4519
4517
4516
4515
4514
4513
4512
4511
4510
4509
4508
4507
4506
4504
4505
4667
4721
4752
4794
4880
4881
4882
4883
4884
4885
4886
4795
4753
4722
4837
4848
4796
4754
4723
4670
4724
4755
4797
4893
4895
4896
4892
4891
4890
4889
5015
5139
5185
5200
5233
5272
5306
5201
5234
5273
5322
5359
5360
5361
5362
5363
5364
5365
5366
5307
5324
5367
5368
5369
5370
5275
5145
5033
5146
5147
5034
5148
5149
5238
5278
5277
5237
5236
5276
5325
5326
5327
5328
5329
5330
5331
5332
5333
5281
5240
5280
5279
5239
5151
5150
5035
5036
5037
5152
5153
5038
5154
5039
5040
5041
5042
5043
5044
5045
5046
5047
5048
5049
5050
5051
5157
5158
5159
5187
5205
5244
5286
5160
5188
5206
5245
5288
5208
5247
5209
5248
5210
5161
5162
5052
5053
5054
5055
5056
5163
5249
5289
5338
5380
5379
5378
5337
5336
5454
5453
5452
5451
5450
5449
5448
5447
5335
5334
5308
5285
5243
5186
5204
5242
5284
5155
5203
5241
5283
5371
5372
5373
5374
5375
5376
5377
5520
5519
5518
5517
5516
5515
5514
5513
5587
5622
5657
5705
5736
5766
5814
5813
5812
5811
5789
5788
5765
5735
5586
5511
5512
5510
5509
5585
5655
5703
5704
5656
5764
5763
5810
5809
5808
5807
5806
5805
5762
5734
5702
5654
5621
5584
5583
5508
5582
5620
5653
5701
5733
5700
5761
5760
5699
5652
5580
5581
5507
5506
5505
5579
5578
5577
5576
5504
5503
5502
5501
5500
5574
5575
5647
5694
5754
5755
5756
5757
5758
5696
5695
5648
5649
5650
5697
5732
5698
5651
5759
5785
5863
5862
5860
5954
5953
5859
5952
6034
6083
6139
6084
6115
6140
6085
6086
6035
6002
5955
5864
5956
5866
6037
6088
6003
6036
6087
6116
6141
6197
6198
6196
6195
6262
6263
6264
6265
6266
6267
6361
6360
6359
6358
6357
6260
6259
6258
6256
6255
6356
6505
6456
6504
6455
6417
6398
6355
6503
6454
6416
6397
6354
6502
6453
6415
6396
6353
6352
6253
6252
6251
6249
6351
6350
6412
6450
6499
6542
6555
6500
6451
6413
6395
6414
6452
6501
6543
6612
6613
6614
6615
6616
6617
6618
6619
6620
6621
6622
6556
6506
6507
6457
6418
6508
6458
6419
6459
6509
6557
6510
6460
6420
6544
6511
6461
6421
6399
6362
6400
6422
6462
6512
6423
6401
6463
6513
6464
6424
6514
6545
6515
6465
6425
6365
6364
6269
6270
6271
6272
6273
6366
6274
6275
6277
6207
6208
6209
6145
6094
6043
6008
5964
5879
5878
5963
6007
6042
6093
6118
6206
6172
6144
6205
6204
6202
6201
6143
6200
6199
6268
6363
6142
6089
6038
6004
5957
5867
5868
5869
5870
5872
5873
5960
5959
5958
6005
6040
6090
6039
6091
6117
6092
6041
6006
5961
5875
5962
5876
5790
5791
5792
5793
5794
5706
5658
5623
5707
5708
5659
5589
5588
5521
5522
5590
5591
5592
5523
5524
5525
5593
5594
5595
5526
5663
5712
5737
5711
5662
5710
5661
5660
5709
5767
5768
5769
5770
5771
5772
5786
5885
5970
5886
5887
5888
5889
5973
5891
5892
5893
5894
5895
5977
5976
5975
5974
6014
6052
6103
6051
6102
6104
6053
6105
6054
6055
6106
6107
6056
6015
5980
5906
5905
5904
5903
5902
5900
5899
5898
5897
5979
5978
5896
5818
5819
5777
5776
5817
5816
5787
5775
5774
5773
5714
5713
5664
5715
5665
5716
5666
5598
5597
5596
5528
5529
5530
5381
5382
5383
5290
5250
5211
5212
5251
5291
5310
5292
5252
5213
5167
5168
5066
5067
5068
5069
5070
5071
5072
5073
5074
5075
4986
4987
4860
4937
4938
4939
4940
4941
4942
4820
4776
4739
4695
4617
4616
4615
4614
4613
4612
4611
4610
4609
4693
4738
4775
4819
4843
4936
4935
4859
4985
4984
4934
4933
4932
4816
4736
4773
4817
4842
4774
4737
4692
4605
4606
4607
4608
4421
4420
4419
4418
4417
4416
4415
4414
4603
4604
4691
4602
4601
4600
4599
4598
4597
4596
4595
4594
4690
4713
4735
4772
4815
4841
4982
4983
4929
4930
4931
5065
5064
5166
5164
5063
5062
5061
5060
5059
5058
5057
4927
4926
4925
4923
4922
4921
4858
4814
4771
4689
4583
4585
4590
4591
4592
4589
4587
4586
4584
4582
4580
4579
4687
4712
4734
4770
4812
4813
4981
4980
4979
4978
4977
4857
4856
4855
4854
4810
4768
4840
4811
4769
4733
4711
4686
4685
4684
4683
4767
4809
4732
4766
4808
4853
4975
4976
4974
4973
4919
4918
4917
4913
4914
4915
4916
4920
4839
4806
4764
4730
4565
4566
4567
4568
4569
4570
4571
4572
4681
4574
4575
4682
4576
4577
4391
4392
4393
4292
4273
4257
4293
4321
4394
4322
4323
4395
4396
4397
4398
4399
4401
4402
4403
4404
4405
4407
4408
4409
4471
4472
4411
4412
4413
4324
4308
4295
4274
4258
4237
4146
4145
4144
4143
4142
4140
4139
4138
4137
4136
4135
4134
4132
4131
4130
4129
4128
4127
4126
4236
4307
4294
4235
4124
4234
4233
4123
4122
4121
4120
4119
4118
4116
4115
4114
4113
3921
3923
3920
3995
3834
3801
3833
3773
3832
3800
3772
3730
3731
3619
3621
3622
3623
3624
3625
3626
3628
3629
3630
3631
3835
3996
3997
3998
3999
4000
4001
4002
3924
3925
3873
3872
3857
3836
3802
3774
3732
3733
3633
3634
3635
3734
3837
3803
3838
3874
3875
3927
3928
3930
3931
4003
4004
3876
3858
3839
3804
3775
3736
3735
3637
3638
3639
3640
3641
3642
3644
3645
3646
3737
3647
3648
3649
3651
3652
3840
3859
3805
3776
3738
3653
3654
3655
3656
3657
3658
3659
3660
3739
3662
3663
3665
3666
3667
3668
3671
3669
3740
3777
3806
3842
3841
3878
3860
3942
3941
3940
3939
3938
3937
3936
3877
4006
4005
3935
3933
3932
4147
4149
4150
4151
4152
4153
4154
4155
4156
4157
4158
4159
4160
4161
4162
4238
4164
4165
4166
4167
4168
4170
4172
4171
4296
4422
4423
4424
4425
4426
4428
4429
4430
4473
4474
4475
4476
4325
4309
4297
4275
4259
4239
4174
4175
4176
4177
4178
4179
4180
4014
4013
4012
4011
4010
4009
4008
4007
3948
3946
3945
3944
3861
3843
3756
3778
3807
3757
3844
3808
3779
3741
3502
3503
3504
3416
3417
3418
3744
3743
3742
3758
3780
3809
3845
3846
4016
4015
4186
4185
4184
4182
4181
4240
4260
4276
4298
4310
4326
4438
4439
4440
4441
4626
4625
4480
4479
4478
4477
4437
4436
4435
4434
4433
4432
4623
4622
4621
4620
4619
4618
4740
4777
4821
4844
4822
4778
4741
4714
4696
4697
4715
4742
4779
4823
4698
4716
4743
4780
4824
4825
4997
4996
4995
4994
4993
4992
4991
4990
4989
4988
4945
4944
4943
5087
5086
5085
5084
5083
5170
5082
5081
5080
5076
5077
5078
5079
5169
5214
5253
5293
5395
5394
5393
5392
5391
5390
5389
5388
5387
5386
5385
5384
5341
5311
5340
5457
5458
5532
5533
5599
5624
5667
5717
5738
5739
5718
5668
5625
5600
5601
5534
5535
5536
5537
5602
5613
5627
5671
5721
5741
5740
5720
5626
5670
5669
5719
5778
5820
5821
5779
5796
5822
5823
5824
5825
5722
5672
5628
5614
5603
5538
5539
5673
5723
5909
5908
5907
5981
6058
6109
6016
6057
6108
6180
6179
6177
6176
6175
6174
6154
6153
6152
6151
6150
6149
6215
6214
6122
6101
6050
6013
5972
5971
6012
6049
6100
6121
6099
6048
6011
5993
5969
5968
5884
5883
5882
5881
5880
5965
5966
5967
5992
6010
6047
6098
6119
6046
6097
6009
6045
6096
6044
6095
6146
6147
6210
6211
6120
6148
6212
6213
6283
6282
6281
6280
6279
6373
6372
6371
6370
6429
6471
6430
6472
6431
6473
6521
6432
6474
6522
6549
6564
6563
6562
6561
6548
6520
6470
6428
6404
6369
6368
6367
6403
6427
6469
6468
6518
6519
6547
6560
6640
6643
6642
6641
6639
6638
6637
6546
6517
6467
6426
6402
6466
6516
6559
6636
6589
6558
6635
6634
6633
6632
6631
6630
6629
6628
6627
6626
6625
6624
6692
6772
6773
6774
6694
6695
6696
6775
6776
6777
6697
6698
6778
6779
6699
6700
6780
6901
6922
6876
6902
6923
6972
6974
6924
6925
6878
6877
6844
6781
6701
6782
6783
6784
6785
6786
6704
6703
6705
6707
6787
6809
6820
6847
6881
6903
6880
6846
6845
6879
6926
6927
6928
6975
6976
6948
6977
6978
6929
6884
6790
6711
6710
6789
6822
6849
6883
6904
6882
6848
6821
6788
6708
6709
6644
6645
6565
6566
6567
6550
6526
6434
6478
6525
6477
6476
6524
6523
6475
6433
6374
6375
6376
6377
6284
6285
6378
6379
6286
6288
6289
6290
6291
6292
6381
6380
6405
6437
6482
6481
6529
6528
6480
6436
6435
6479
6527
6568
6646
6647
6714
6715
6717
6718
6719
6757
6649
6648
6569
6551
6530
6483
6531
6570
6571
6572
6532
6484
6438
6386
6385
6384
6383
6382
6294
6295
6296
6297
6298
6299
6300
6301
6302
6303
6304
6305
6306
6307
6110
6059
5911
5724
5674
5540
5402
5401
5342
5462
5461
5399
5398
5397
5396
5294
5312
5295
5254
5215
5171
5089
5090
5091
5092
5093
5094
5216
5255
5296
5313
5403
5404
5463
5464
5465
5466
5406
5407
5405
5343
5172
5096
5097
5098
5099
5174
5173
5297
5344
5345
5474
5476
5542
5541
5725
5982
6123
6155
6311
6310
6392
6391
6441
6491
6442
6538
6577
6576
6490
6440
6489
6537
6575
6536
6488
6390
6389
6388
6387
6439
6486
6485
6533
6534
6535
6487
6573
6574
6593
6650
6720
6721
6722
6723
6823
6885
6930
6905
6886
6850
6791
6724
6792
6793
6794
6795
6888
6887
6931
6932
6933
6934
7093
7164
7165
7288
7268
7163
7091
7090
7089
7088
7087
7085
7160
7161
7162
7192
7221
7252
7287
7286
7251
7220
7219
7084
7083
7082
7081
7080
7079
7130
7078
7077
7075
7076
6983
6952
6951
6982
6981
7073
7072
7071
7070
7069
7129
7068
7067
6950
6979
7065
7064
7063
7062
7061
7060
7128
7059
7058
7159
7158
7157
7156
7057
7056
7055
7155
7154
7054
7053
7052
7051
7153
7191
7217
7245
7244
7216
7190
7180
7152
7179
7189
7215
7243
7267
7282
7281
7280
7242
7214
7150
7151
7049
7149
7047
7148
7147
7278
7279
7353
7351
7350
7349
7348
7347
7346
7345
7344
7343
7342
7277
7266
7241
7213
7188
7146
7145
7144
7143
7142
7187
7212
7240
7276
7265
7141
7039
7040
7041
7042
7043
7044
7045
6918
6919
6920
6921
6875
6843
6819
6842
6874
6873
6841
6872
6840
6818
6871
6917
6971
6970
6969
6968
6966
6967
6916
6771
6817
6839
6870
6900
6945
6915
6869
6868
6838
6816
6769
6770
6690
6689
6688
6687
6768
6767
6686
6685
6684
6683
6682
6681
6680
6679
6764
6763
6762
6677
6676
6675
6674
6673
6672
6671
6755
6670
6669
6811
6863
6939
6964
6940
6941
6965
6942
6943
6864
6899
6865
6834
6866
6835
6813
6812
6808
6765
6766
6815
6837
6867
6814
6836
6914
6913
6912
6911
7031
7032
7033
7135
7207
7237
7270
7271
7272
7238
7208
7136
7137
7034
7035
7138
7184
7209
7185
7210
7139
7140
7037
7186
7211
7239
7275
7274
7273
7406
7407
7408
7409
7410
7411
7412
7413
7414
7415
7416
7417
7521
7520
7519
7582
7616
7583
7617
7618
7584
7560
7564
7585
7619
7646
7655
7654
7653
7692
7724
7691
7723
7690
7689
7722
7652
7613
7581
7561
7559
7562
7614
7563
7517
7405
7404
7403
7402
7401
7400
7580
7611
7772
7771
7770
7769
7768
7898
7897
7896
7767
7766
7765
7764
7763
7762
7761
7760
7892
7891
7890
7759
7758
7757
7756
7889
7954
7999
8057
8058
8000
7955
8112
8116
8117
8059
7956
8001
8060
8061
8002
7957
7893
7894
7895
7958
8003
8062
8004
8063
7959
8064
8065
8005
7960
7961
8006
8066
8067
8007
7962
7899
7900
7773
7774
7775
7901
7963
8008
8068
8069
8009
8070
8010
7903
7902
7776
7777
7779
7780
7781
7782
7904
7905
7783
7784
7785
7786
7787
7789
7906
7965
8013
8073
8153
8152
8120
8072
8012
7964
8011
8071
8151
8150
8119
8118
8216
8215
8340
8339
8214
8212
8211
8210
8338
8402
8450
8506
8507
8451
8403
8405
8453
8509
8510
8603
8582
8604
8583
8218
8219
8220
8222
8223
8318
8224
8225
8226
8342
8407
8455
8512
8513
8456
8408
8344
8228
8229
8345
8409
8457
8514
8516
8458
8410
8346
8233
8232
8231
8230
8172
8159
8158
8157
8123
8156
8155
8077
8017
7908
7967
8016
8076
8122
8121
8074
8014
8075
8015
7966
7948
7907
7790
7791
7792
7793
7794
7795
7796
7797
7725
7726
7656
7657
7658
7659
7622
7588
7565
7621
7587
7620
7586
7523
7524
7525
7418
7419
7420
7526
7527
7528
7421
7422
7423
7529
7647
7660
7623
7530
7424
7425
7426
7427
7428
7429
7355
7354
7356
7357
7358
7430
7431
7432
7537
7433
7434
7435
7437
7312
7246
7218
7247
7248
7283
7284
7249
7285
7313
7359
7314
7315
7360
7316
7250
7318
7361
7319
7320
7362
7322
7323
7324
7363
7325
7326
7364
7327
7472
7473
7475
7476
7477
7544
7543
7542
7541
7596
7633
7632
7471
7469
7468
7467
7466
7511
7465
7464
7463
7462
7460
7459
7458
7457
7456
7510
7455
7454
7453
7452
7450
7449
7448
7447
7446
7509
7444
7443
7442
7440
7438
7439
7441
7538
7593
7629
7630
7594
7673
7663
7727
7693
7627
7567
7591
7626
7662
7661
7625
7590
7536
7535
7534
7532
7531
7566
7589
7624
7813
7812
7811
7810
7809
7808
7806
7805
7804
7803
7802
7801
7800
7799
7909
8079
7968
8080
7970
8082
7971
8083
8020
8084
8085
8021
7913
7911
7814
7816
7817
7818
7819
7820
7822
7823
7824
7825
7826
7827
7828
7919
7918
7917
7916
7915
7914
8025
8089
8087
8023
8022
8086
8125
8126
8160
8161
8127
8128
8129
8162
8173
8130
8131
8132
8090
8026
7949
7973
8027
7974
8028
7975
8133
8163
8164
8165
8166
8093
8031
7978
7923
7924
7925
8032
8094
7979
7927
7928
7980
8033
8095
7981
8034
8096
8097
8035
7929
7852
7851
7850
7849
7847
7846
7845
7844
7843
7842
7841
7840
7838
7837
7836
7835
7834
7833
7922
7976
8029
8091
7920
7829
7831
7832
7694
7728
7695
7696
7729
7697
7698
7699
7730
7700
7701
7731
7702
7703
7704
7732
7705
7706
7733
7708
7709
7664
7665
7666
7734
7858
7857
7932
7984
8100
8136
8135
8039
7983
8038
7982
7931
7855
7854
7853
7930
8037
8099
8134
8169
8170
8284
8283
8282
8372
8424
8479
8539
8540
8480
8425
8373
8286
8287
8288
8289
8290
8291
8376
8375
8374
8426
8481
8541
8542
8573
8595
8751
8750
8829
8975
9000
8990
8828
8749
8748
8747
8745
8744
8743
8826
8827
8875
8919
8974
8973
8918
8874
8972
9062
9063
9061
9060
8999
8998
8971
8917
8970
8916
8824
8825
8734
8735
8736
8737
8738
8739
8740
8741
8592
8594
8572
8571
8570
8569
8568
8535
8475
8476
8536
8537
8477
8538
8478
8369
8370
8371
8281
8279
8278
8277
8276
8275
8368
8367
8274
8273
8272
8271
8366
8423
8422
8389
8474
8534
8533
8270
8269
8267
8268
8168
8167
8266
8265
8319
8264
8263
8364
8363
8261
8260
8259
8258
8257
8256
8361
8362
8421
8530
8472
8529
8420
8471
8419
8470
8528
8527
8469
8418
8360
8255
8254
8253
8252
8358
8417
8468
8526
8587
8586
8565
8525
8467
8524
8466
8416
8523
8465
8415
8355
8356
8357
8251
8250
8249
8248
8247
8246
8245
8244
8243
8242
8354
8414
8464
8522
8521
8463
8413
8353
8241
8240
8352
8239
8238
8237
8350
8349
8348
8236
8235
8234
8347
8411
8459
8517
8460
8518
8519
8461
8462
8412
8520
8564
8563
8562
8688
8689
8687
8685
8684
8683
8682
8681
8806
8807
8808
8902
8955
8956
8903
8863
8809
8690
8691
8693
8694
8695
8696
8697
8698
8699
8700
8701
8702
8703
8704
8705
8708
8707
8706
8815
8814
8867
8961
8908
8960
8907
8866
8813
8812
8811
8810
8864
8904
8957
8905
8958
8865
8906
8959
8995
9028
9027
9104
9103
9102
9101
9140
9098
9099
9100
9025
9026
8994
8954
8901
8862
8953
8900
8861
8860
8952
8899
8951
8898
8859
8804
8805
8679
8678
8677
8676
8675
8674
8673
8672
8671
8801
8802
8803
8858
8897
8950
8857
8896
8949
8948
8856
8895
8947
8894
8855
8800
8669
8670
8606
8585
8584
8605
8668
8667
8666
8665
8663
8662
8661
8659
8658
8799
8854
8946
8945
8944
8893
8853
8798
8657
8656
8655
8654
8796
8797
8852
8892
8943
8993
8988
8942
8891
8851
8795
8653
8652
8651
8650
8794
8850
8941
8890
8940
8889
8849
8793
8649
8648
8647
8645
8644
8791
8792
8848
8888
8939
8938
8887
8847
8846
8886
8937
8845
8885
8936
8935
8884
8844
8788
8789
8790
8642
8643
8641
8639
8638
8637
8636
8635
8634
8633
8632
8631
8629
8628
8781
8627
8626
8625
8624
8623
8622
8621
8619
8618
8780
8617
8616
8615
8614
8785
8842
8882
8933
8987
9048
9047
9007
8986
8930
8880
8929
8985
8928
8984
9006
9046
9045
9004
8983
8927
8879
8926
8982
8981
8925
8878
8835
8836
8768
8767
8769
8770
8837
8771
8772
8773
8774
8839
8840
8841
8775
8776
8777
8778
8612
8613
8558
8555
8554
8553
8491
8434
8388
8316
8315
8314
8313
8387
8433
8490
8552
8551
8489
8432
8550
8431
8488
8549
8575
8548
8487
8430
8486
8547
8546
8485
8429
8379
8380
8381
8382
8383
8385
8386
8312
8311
8310
8309
8308
8307
8306
8305
8304
8303
8140
8105
8042
7987
8043
8106
8107
8044
7988
7989
8045
8108
8109
8046
7990
7944
7943
7942
7941
7940
7939
7938
7937
7936
7935
7860
7861
7862
7864
7865
7866
7867
7868
7869
7870
7871
7872
7873
7874
7875
7876
7877
7878
7945
7991
8047
8110
8111
8048
7992
7947
7946
7879
7880
7881
7738
7882
7951
7994
8050
7995
8051
8113
8143
8144
8114
8145
8146
8180
8179
8178
8325
8177
8176
8323
8322
8321
8390
8437
8493
8494
8438
8391
8495
8439
8392
8496
8440
8393
8327
8326
8181
8182
8183
8184
8185
8328
8394
8441
8497
8577
8601
8578
8579
8602
8580
8581
8499
8443
8395
8396
8444
8500
8501
8445
8397
8331
8330
8332
8398
8446
8502
8503
8447
8399
8333
8334
8400
8448
8504
8505
8449
8401
8336
8209
8208
8207
8335
8206
8205
8204
8203
8202
8201
8200
8199
8198
8197
8196
8195
8194
8193
8192
8191
8190
8189
8317
8188
8187
8148
8147
8115
8056
7998
7953
7888
7755
7754
7753
7752
7751
7750
7886
7887
7997
8055
8054
8053
7952
7885
7749
7748
7747
7746
7745
7884
8052
7996
7883
7743
7742
7741
7740
7739
7674
7715
7675
7676
7716
7677
7678
7648
7649
7679
7717
7680
7681
7718
7682
7683
7684
7719
7685
7686
7720
7687
7688
7650
7651
7610
7609
7579
7515
7516
7399
7398
7397
7396
7394
7393
7392
7391
7390
7508
7389
7388
7387
7386
7385
7384
7383
7382
7381
7507
7380
7379
7378
7514
7578
7608
7513
7377
7376
7375
7374
7373
7372
7334
7291
7290
7333
7289
7371
7370
7506
7369
7368
7505
7557
7607
7645
7577
7504
7264
7232
7203
7202
7231
7263
7262
7201
7230
7200
7229
7261
7502
7501
7556
7555
7605
7643
7606
7644
7671
7670
7669
7668
7642
7604
7576
7603
7641
7640
7602
7575
7550
7551
7552
7553
7554
7500
7499
7498
7497
7496
7495
7494
7493
7492
7491
7490
7489
7488
7547
7548
7549
7574
7601
7639
7638
7600
7573
7572
7637
7599
7571
7598
7636
7635
7597
7570
7545
7487
7486
7485
7484
7483
7482
7481
7480
7479
7478
7512
7474
7470
7461
7540
7539
7451
7445
7436
7533
7522
7518
7612
7721
7615
7628
7592
7568
7569
7595
7631
7707
7735
7710
7711
7736
7712
7713
7859
7934
7933
7856
7848
7839
7830
7821
7815
7807
7798
7778
7788
7910
7912
7921
7926
8030
8092
8124
8154
8149
8078
8018
7969
8019
8081
8088
8024
7972
7977
8036
8098
8141
8101
8137
8138
8102
8040
7985
8103
8041
7986
8104
8139
8301
8302
8378
8377
8300
8299
8298
8297
8296
8295
8294
8293
8292
8320
8285
8280
8262
8365
8359
8351
8343
8227
8221
8217
8213
8337
8341
8404
8452
8508
8406
8454
8511
8515
8473
8532
8566
8593
8609
8596
8597
8610
8598
8599
8543
8482
8427
8544
8483
8428
8484
8545
8574
8764
8765
8766
8834
8833
8877
8924
8980
8923
8979
8922
8978
9003
9002
9001
8976
8920
8977
8921
8876
8830
8831
8832
8763
8762
8761
8760
8759
8758
8757
8756
8755
8754
8753
8752
8784
8746
8742
8726
8718
8692
8686
8680
8664
8660
8782
8646
8640
8787
8630
8620
8611
8576
8557
8559
8560
8561
8556
8498
8442
8492
8436
8384
8324
8329
8186
8175
8171
8049
7993
7744
7863
7714
7667
7634
7558
7672
7737
7950
8142
8174
8435
8600
8779
8838
8786
8843
8883
8934
8932
8881
8991
8931
9066
9144
9170
9168
9158
9150
9005
8992
9018
9053
9022
9024
9057
9106
9107
9031
9034
9040
9064
9123
9124
9125
9142
9041
9042
9065
9043
9044
9126
9127
9128
9129
9222
9198
9197
9221
9220
9192
9214
9307
9314
9327
9332
9386
9347
9350
9351
9352
9353
9354
9355
9356
9357
9388
9358
9359
9360
9361
9362
9363
9364
9365
9366
9389
9367
9368
9369
9370
9371
9372
9373
9226
9227
9391
9228
9229
9374
9230
9231
9232
9233
9234
9235
9236
9238
9239
9375
9240
9241
9244
9245
9242
9203
9176
9202
9159
9175
9174
9224
9201
9200
9223
9199
9169
9155
9130
9131
9143
9132
9133
9134
9135
9136
9067
9068
9008
9049
9009
9010
9050
9011
9012
9013
9051
9014
9015
9052
9016
9017
9077
9076
9075
9074
9137
9073
9072
9071
9070
9069
9204
9177
9178
9205
9246
9247
9248
9249
9376
9250
9251
9252
9253
9254
9255
9256
9257
9258
9378
9259
9260
9262
9263
9264
9265
9267
9207
9181
9180
9206
9179
9160
9151
9078
9079
9138
9080
9081
9082
9083
9084
9085
9086
9087
9088
9139
9089
9090
9091
9092
9093
9019
9054
9020
9021
9055
9023
9056
9095
9094
9161
9188
9187
9209
9186
9185
9208
9184
9183
9182
9392
9399
9402
9400
9403
9401
9393
9268
9269
9394
9395
9270
9271
9379
9272
9273
9275
9276
9277
9278
9280
9281
9282
9380
9283
9284
9286
9287
9288
9210
9189
9096
9097
9211
9289
9290
9291
9292
9212
9190
9191
9213
9162
9152
9156
9163
9172
9164
9171
9173
9165
9147
9146
9145
9105
9029
9030
8996
8962
8909
8989
8997
8964
8911
8869
8910
8963
8868
8816
8709
8710
8817
8818
8711
8712
8713
8714
8715
8716
8820
8819
8870
8912
8965
8871
8913
8966
8967
8914
8872
8915
8968
8873
8822
8821
8717
8719
8720
8721
8531
8588
8607
8589
8590
8608
8591
8567
8733
8732
8731
8730
8729
8728
8727
8725
8724
8783
8723
8722
8823
8969
9032
9058
9033
9035
9059
9036
9037
9038
9039
9116
9115
9114
9113
9141
9112
9111
9110
9109
9108
9215
9193
9216
9217
9194
9195
9218
9153
9166
9167
9157
9154
9148
9117
9118
9149
9119
9120
9121
9122
9219
9349
9348
9196
9346
9345
9344
9343
9342
9341
9387
9340
9339
9338
9337
9336
9335
9334
9333
9385
9331
9330
9329
9328
9326
9325
9324
9323
9322
9384
9321
9320
9319
9318
9317
9316
9315
9313
9312
9383
9311
9310
9396
9309
9308
9306
9305
9304
9303
9302
9382
9301
9300
9299
9298
9297
9296
9295
9294
9293
9381
9513
9455
9456
9514
9457
9458
9459
9515
9460
9461
9516
9607
9606
9681
9608
9609
9610
9611
9613
9614
9615
9463
9464
9407
9465
9517
9466
9468
9518
9469
9470
9471
9519
9472
9473
9520
9475
9476
9477
9521
9478
9479
9522
9480
9408
9481
9523
9482
9483
9524
9404
9409
9484
9645
9695
9694
9644
9643
9642
9641
9640
9639
9684
9638
9636
9635
9634
9632
9631
9630
9629
9628
9683
9627
9626
9625
9624
9623
9622
9621
9620
9619
9682
9617
9616
9693
9692
9706
9711
9718
9763
9814
9765
9766
9815
9767
9768
9769
9816
9770
9771
9817
9773
9774
9775
9818
9776
9777
9819
9778
9707
9708
9719
9720
9779
9709
9647
9821
9949
9950
9994
10005
10087
10086
10123
10085
10146
10145
10144
10143
10142
10141
10140
10139
10138
10137
10136
10134
10133
10132
10131
10130
10129
10019
10098
10020
10021
10099
10022
10023
10024
10100
10025
10026
10101
10027
10028
10030
10102
10031
10032
10103
10033
10034
10035
10104
10036
10037
10105
10038
10039
10013
10009
10000
9998
9987
9988
9989
9990
9991
10002
10001
10014
10015
10016
10017
10040
10041
10043
10044
10045
10107
10046
10047
10108
10048
10003
10050
10109
10051
10052
10111
10053
10054
10055
10112
10056
10057
10113
10058
10059
10060
10114
10061
10062
10115
10063
10064
10004
10066
10116
10067
10068
10117
10069
10070
10072
10118
10073
10074
10119
10075
10076
10077
10120
10078
10080
10121
10081
10082
10083
10122
10084
9948
9947
9946
9945
9944
9981
9943
9942
9941
9939
9938
9937
9936
9934
9933
9980
9932
9931
9930
9929
9928
9927
9926
9925
9924
9979
9923
9922
9920
9919
9918
9917
9916
9915
9914
9978
9913
9912
9993
9992
9910
9909
9908
9907
9906
9905
9904
9977
9903
9902
9901
9900
9899
9898
9897
9896
9895
9976
9894
9893
9891
9890
9889
9888
9886
9885
9884
9975
9883
9882
9880
9879
9878
9877
9876
9875
9974
9874
9873
9872
9871
9869
9868
9743
9805
9744
9745
9806
9747
9748
9749
9808
9750
9751
9809
9752
9753
9810
9754
9755
9811
9703
9596
9595
9594
9593
9591
9590
9679
9589
9588
9586
9585
9583
9582
9581
9580
9579
9678
9578
9577
9576
9575
9574
9573
9690
9689
9572
9570
9569
9568
9567
9565
9564
9677
9563
9562
9561
9560
9559
9558
9557
9556
9555
9675
9554
9553
9552
9551
9550
9549
9547
9546
9545
9674
9544
9543
9541
9540
9539
9538
9537
9536
9535
9673
9534
9533
9532
9672
9671
9670
9669
9668
9667
9666
9665
9687
9664
9663
9662
9661
9660
9659
9658
9657
9656
9686
9655
9654
9653
9652
9651
9650
9649
9648
9646
9685
9637
9633
9618
9612
9592
9587
9584
9571
9566
9676
9548
9542
9688
9696
9710
9712
9714
9726
9802
9741
9746
9807
9760
9764
9772
9820
9780
9781
9822
9782
9783
9784
9823
9785
9786
9824
9787
9788
9789
9825
9790
9791
9826
9792
9793
9794
9795
9721
9796
9722
9723
9797
9724
9725
9727
9798
9728
9729
9799
9730
9731
9732
9800
9733
9734
9801
9735
9736
9737
9803
9738
9739
9804
9740
9742
9715
9700
9698
9701
9702
9716
9866
9865
9864
9863
9862
9861
9860
9859
9972
9858
9857
9856
9855
9854
9853
9852
9850
9849
9971
9848
9847
9845
9844
9843
9842
9841
9840
9839
9970
9838
9837
9836
9835
9834
9833
9832
9831
9830
9969
9829
9828
9986
9985
9996
9968
9999
10008
10128
10006
10097
10096
10095
10127
10094
10148
10147
10135
10018
10012
10029
10106
10042
10049
10110
10065
10071
10079
10124
10088
10089
10125
10090
10091
10092
10126
10093
9966
9967
9965
9964
9963
9962
9961
9960
9983
9959
9958
9957
9956
9955
9954
9953
9952
9951
9982
9940
9935
9921
9911
9892
9887
9881
9870
9867
9973
9851
9846
9984
9995
10007
10010
10011
9997
9827
9713
9697
9531
9413
9390
9225
9243
9261
9266
9285
9279
9274
9377
9237
9398
9397
9410
9418
9419
9425
9505
9440
9445
9510
9462
9467
9474
9525
9485
9486
9526
9487
9488
9489
9527
9490
9491
9528
9492
9493
9494
9529
9495
9496
9530
9497
9498
9411
9405
9414
9420
9499
9421
9422
9500
9423
9424
9426
9501
9427
9428
9502
9429
9430
9431
9503
9432
9433
9504
9434
9435
9436
9506
9437
9438
9507
9439
9441
9415
9416
9442
9406
9412
9417
9443
9508
9444
9446
9509
9447
9448
9449
9511
9450
9451
9512
9452
9453
9454
9598
9597
9680
9599
9600
9601
9602
9603
9604
9605
9691
9699
9705
9704
9756
9717
9757
9812
9758
9759
9813
9761
9762
