9762
9761
9813
9759
9758
9812
9757
9717
9705
9699
9704
9756
9811
9755
9754
9810
9753
9752
9809
9751
9750
9808
9749
9748
9747
9806
9745
9744
9805
9743
9678
9579
9580
9581
9582
9583
9585
9586
9588
9589
9679
9590
9591
9593
9594
9595
9596
9703
9597
9598
9680
9599
9600
9601
9602
9603
9604
9458
9457
9514
9456
9455
9513
9454
9453
9452
9512
9451
9450
9511
9449
9448
9447
9509
9446
9444
9508
9443
9417
9412
9406
9401
9393
9392
9399
9402
9400
9403
9415
9416
9442
9578
9577
9576
9575
9574
9573
9690
9689
9700
9698
9701
9702
9716
9715
9742
9740
9804
9739
9738
9803
9737
9736
9735
9801
9734
9733
9800
9732
9731
9730
9799
9729
9728
9798
9727
9725
9724
9797
9723
9722
9796
9721
9795
9794
9793
9792
9968
9996
9999
10008
10128
10129
10130
10131
10132
10133
10039
10013
10014
10015
10134
10136
10137
10138
10139
10140
10141
10142
10143
10144
10145
10146
10086
10087
10005
9994
10123
10085
10084
10122
10083
10082
10081
10121
10080
10078
10120
10077
10076
10075
10119
10074
10073
10118
10072
10070
10069
10117
10068
10067
10116
10066
10004
10064
10063
10115
10062
10061
10114
10060
10059
10058
10113
10057
10056
10112
10055
10054
10053
10111
10052
10051
10109
10050
10003
10048
10108
10047
10046
10107
10045
10044
10043
10041
10040
10017
10016
10002
10001
10009
9998
10000
10038
10105
10037
10036
10104
10035
10034
10033
10103
10032
10031
10102
10030
10028
10027
10101
10026
10025
10100
10024
10023
10022
10099
10021
10020
10098
10019
9985
9986
9828
9829
9969
9830
9831
9832
9833
9834
9835
9836
9837
9838
9970
9839
9840
9841
9842
9843
9844
9845
9847
9848
9971
9849
9850
9852
9853
9854
9855
9856
9857
9858
9972
9859
9860
9861
9862
9863
9864
9865
9866
9987
9988
9989
9990
9991
9868
9869
9871
9872
9873
9874
9974
9875
9876
9877
9878
9879
9880
9882
9883
9975
9884
9885
9886
9888
9889
9890
9891
9893
9894
9976
9895
9896
9897
9898
9899
9900
9901
9902
9903
9977
9904
9905
9906
9907
9908
9909
9910
9992
9993
9912
9913
9978
9914
9915
9916
9917
9918
9919
9920
9922
9923
9979
9924
9925
9926
9927
9928
9929
9930
9931
9932
9980
9933
9934
9936
9937
9938
9939
9941
9942
9943
9981
9944
9945
9946
9947
9948
9949
9950
9821
9779
9720
9719
9708
9707
9778
9819
9777
9776
9818
9775
9774
9773
9817
9771
9770
9816
9769
9768
9767
9815
9766
9765
9814
9763
9718
9711
9706
9692
9693
9616
9617
9682
9619
9620
9621
9622
9623
9624
9625
9626
9627
9683
9628
9629
9630
9631
9632
9634
9635
9636
9638
9684
9639
9640
9641
9642
9643
9644
9694
9695
9645
9709
9647
9484
9524
9483
9482
9523
9481
9408
9480
9522
9479
9478
9521
9477
9476
9475
9520
9473
9472
9519
9471
9470
9469
9518
9468
9466
9517
9615
9614
9613
9611
9610
9609
9608
9681
9691
9605
9606
9607
9516
9463
9464
9465
9407
9461
9460
9515
9459
9299
9298
9297
9296
9295
9294
9293
9381
9292
9291
9290
9289
9211
9212
9190
9191
9213
9300
9301
9382
9302
9303
9304
9305
9306
9308
9309
9396
9310
9311
9383
9312
9313
9315
9316
9317
9318
9319
9320
9321
9384
9322
9323
9324
9325
9326
9328
9329
9330
9331
9385
9333
9334
9335
9336
9337
9338
9339
9340
9387
9341
9342
9343
9344
9345
9404
9409
9349
9348
9346
9196
9219
9122
8751
8595
8291
8376
8542
8573
8750
8829
8975
8990
9000
9121
9120
9149
9119
9118
9117
9148
9154
9157
9167
9153
9166
9218
9195
9194
9217
9216
9215
9193
9108
9109
9110
9111
9112
9141
9059
9035
9033
9058
9032
8969
8873
8915
8968
8967
8914
8872
8966
8913
8871
8870
8912
8965
8964
8911
8869
8868
8910
8963
8997
8989
8909
8962
8996
9029
9030
9105
9145
9146
9147
9165
9173
9171
9164
9172
9163
9156
9162
9152
9104
9103
9102
9101
9140
9100
9099
9098
9097
9096
9189
9210
9288
9287
9286
9284
9283
9380
9282
9281
9280
9278
9277
9276
9275
9273
9272
9379
9271
9270
9395
9394
9269
9268
9182
9183
9184
9208
9185
9186
9209
9187
9188
9161
9056
9023
8947
8894
8855
8856
8895
8948
8949
8950
8897
8858
8859
8898
8951
8952
8899
8860
8953
8900
8861
8862
8901
8954
8994
9025
9026
8956
8903
8863
8864
8904
8957
8995
9027
9028
8959
8906
8958
8905
8865
8810
8811
8812
8813
8866
8907
8960
8961
8908
8867
8814
8815
8708
8707
8706
8705
8704
8703
8702
8701
8700
8699
8698
8697
8696
8695
8694
8693
8691
8690
8809
8808
8902
8955
8807
8806
8805
8804
8803
8802
8857
8896
8801
8800
8669
8668
8667
8666
8665
8603
8582
8604
8583
8584
8605
8585
8606
8670
8671
8672
8673
8674
8675
8676
8677
8678
8679
8681
8682
8683
8684
8685
8687
8688
8689
8562
8563
8564
8519
8520
8462
8412
8352
8461
8460
8518
8517
8459
8411
8347
8234
8235
8236
8348
8349
8350
8237
8238
8239
8240
8241
8242
8353
8413
8463
8521
8522
8464
8414
8354
8243
8244
8245
8246
8247
8248
8249
8250
8251
8357
8356
8355
8415
8465
8523
8524
8466
8416
8467
8525
8565
8586
8587
8526
8468
8417
8358
8252
8253
8254
8255
8256
8257
8258
8259
8362
8361
8360
8418
8469
8527
8528
8470
8419
8420
8471
8529
8530
8472
8421
8363
8364
8261
8260
8164
8163
8133
8132
8131
8130
8173
8162
8129
8128
8127
8161
8160
8126
8125
8085
8021
7913
7911
7814
7816
7817
7818
7819
7820
7822
7823
7824
7825
7826
7827
7828
7919
7918
7917
7916
7915
7914
8022
8086
8087
8023
8025
8089
8090
8026
7949
7973
8027
7974
8028
7975
7920
7829
7831
7832
7976
8029
8091
7922
7833
7834
7835
7836
7837
7838
7840
7841
7842
7843
7844
7845
7846
7847
7849
7850
7851
7852
7929
8035
8097
8096
8034
7981
7928
7980
8033
8095
8094
8032
7979
7927
7925
7924
7923
7978
8031
8093
8165
8166
8167
8168
8263
8264
8319
8265
8266
8267
8268
8269
8270
8533
8591
8608
8590
8589
8607
8588
8531
8721
8720
8719
8717
8716
8715
8714
8713
8712
8711
8710
8709
8816
8817
8818
8819
8820
8821
8822
8823
8722
8723
8783
8724
8725
8727
8728
8729
8730
8731
8732
8733
8734
8824
8825
8917
8971
8916
8970
9037
9036
9113
9114
9115
9116
9038
9039
8998
8999
9060
9061
9062
9063
8972
8874
8918
8973
8974
8919
8875
8826
8827
8828
8749
8748
8747
8745
8744
8743
8741
8740
8739
8738
8737
8736
8735
8569
8568
8567
8534
8474
8422
8389
8423
8475
8535
8476
8536
8570
8571
8572
8592
8594
8539
8479
8424
8371
8478
8538
8537
8477
8368
8367
8366
8271
8272
8273
8274
8275
8276
8369
8370
8277
8278
8279
8281
8282
8283
8372
8373
8425
8480
8540
8541
8481
8426
8374
8375
8290
8289
8288
8287
8286
8284
8170
8169
8134
8099
8037
7930
7853
7854
7855
7931
7932
7984
8039
7983
7982
8038
8135
8136
8100
7857
7858
7734
7666
7665
7664
7709
7708
7733
7706
7705
7732
7704
7703
7702
7731
7701
7700
7730
7699
7698
7697
7729
7696
7695
7728
7694
7673
7663
7727
7693
7627
7662
7661
7625
7590
7626
7591
7567
7537
7434
7433
7432
7431
7536
7535
7534
7430
7429
7532
7428
7427
7426
7531
7566
7589
7624
7811
7812
7813
8020
8084
8083
7971
8082
7970
8080
7968
8079
7800
7801
7802
7803
7804
7805
7806
7808
7809
7810
7660
7623
7647
7528
7421
7422
7423
7529
7530
7424
7425
7350
7349
7348
7279
7351
7353
7280
7281
7282
7354
7355
7356
7357
7358
7245
7154
7155
7156
7157
7158
7159
7058
7059
7128
7060
7061
7062
7063
7064
6979
6950
6715
6714
6648
6649
6717
6718
6719
6757
6952
6983
6951
6982
6981
7071
7072
7073
7075
7076
7077
7078
7130
7079
7080
7081
7082
7083
7084
7085
7087
7161
7160
7220
7251
7219
7327
7364
7326
7325
7363
7324
7323
7322
7362
7320
7319
7361
7318
7070
7069
7129
7068
7067
7065
7250
7316
7360
7315
7314
7359
7313
7285
7249
7284
7283
7248
7247
7218
7246
7312
7435
7437
7438
7439
7440
7441
7442
7538
7593
7629
7630
7594
7443
7444
7509
7446
7447
7448
7449
7450
7452
7453
7454
7455
7510
7456
7457
7458
7459
7460
7462
7463
7464
7465
7511
7466
7467
7468
7469
7471
7472
7473
7541
7632
7633
7596
7542
7543
7544
7477
7476
7475
7286
7287
7252
7221
7192
7162
7088
7089
7090
7091
7093
7164
7163
7268
7288
7165
6934
6933
6932
6931
6887
6888
6795
6794
6793
6792
6724
6791
6850
6886
6905
6930
6885
6823
6723
6722
6721
6720
6650
6593
6575
6537
6489
6536
6488
6390
6307
6306
6305
6304
6303
6302
6301
6300
6389
6439
6487
6535
6534
6574
6573
6533
6485
6486
6388
6387
6299
6298
6297
6296
6295
6294
6382
6383
6384
6385
6386
6438
6484
6532
6572
6571
6570
6531
6483
6405
6437
6482
6481
6529
6530
6551
6569
6528
6480
6436
6380
6381
6292
6291
6290
6289
6288
6286
6379
6378
6285
6284
6377
6376
6375
6283
6282
6281
6213
6212
6148
6120
6211
6210
6147
6146
6095
6044
6009
6045
6096
6046
6097
6119
6098
6047
6010
5992
5967
5883
5882
5966
5881
5880
5965
5879
5878
5964
6008
6043
6094
6145
6209
6208
6207
6206
6172
6205
6204
6202
6201
6200
6199
6268
6363
6142
6089
6038
6004
5957
5867
5868
5869
5870
5872
5873
5960
5959
5958
6039
6090
6091
6040
6005
6006
6041
6092
6117
6143
6144
6118
6093
6042
6007
5963
5876
5962
5961
5875
5811
5789
5788
5765
5735
5586
5512
5511
5510
5509
5585
5656
5704
5655
5703
5764
5763
5810
5809
5808
5807
5806
5805
5762
5734
5702
5654
5621
5584
5583
5508
5582
5620
5653
5701
5733
5700
5761
5760
5699
5652
5581
5507
5506
5580
5505
5579
5578
5577
5576
5504
5503
5502
5501
5500
5575
5574
5647
5694
5754
5755
5756
5757
5758
5696
5695
5648
5649
5650
5697
5732
5651
5698
5759
5785
5863
5864
5955
5862
5860
5954
5953
5952
5859
5804
5803
5802
5801
5800
5799
5753
5752
5751
5750
5731
5692
5693
5646
5499
5573
5645
5619
5612
5572
5498
5497
5496
5567
5568
5569
5570
5571
5611
5618
5644
5691
5690
5643
5689
5642
5566
5495
5438
5437
5436
5435
5434
5492
5493
5494
5565
5564
5563
5491
5490
5489
5488
5487
5486
5485
5559
5560
5561
5562
5616
5638
5685
5684
5637
5636
5683
5745
5746
5747
5784
5686
5639
5687
5640
5617
5641
5688
5749
5748
5846
5847
5848
5943
5942
5941
5940
5939
5845
5844
5843
5842
5840
5839
5838
5837
5936
6021
6067
6130
6166
6167
6068
6022
5996
5938
6023
6069
6163
6131
6070
6024
6071
6072
6025
5997
6026
6073
6132
6133
6168
6164
6075
6028
6074
6027
5998
5944
5849
5850
5852
5853
5854
5856
5857
5858
5945
5946
5947
5990
6000
6032
6079
6114
6078
6031
6030
5999
6029
6076
6077
6134
6135
6189
6190
6191
6192
6193
6136
6137
6138
6082
6081
6080
6033
6001
5991
5948
5949
5950
5951
6034
6083
6139
6084
6115
6140
6085
6086
6035
6002
6003
5956
5866
6037
6088
6036
6087
6116
6141
6195
6196
6197
6198
6262
6263
6264
6265
6266
6267
6361
6360
6359
6358
6357
6260
6259
6258
6256
6255
6356
6456
6505
6504
6455
6417
6398
6355
6503
6454
6416
6397
6354
6502
6453
6415
6396
6353
6352
6253
6252
6251
6249
6351
6350
6412
6450
6499
6542
6555
6500
6451
6413
6395
6414
6452
6501
6543
6612
6613
6614
6615
6616
6617
6618
6619
6620
6621
6622
6556
6506
6507
6457
6418
6419
6458
6508
6509
6459
6420
6460
6510
6557
6544
6511
6461
6421
6399
6362
6400
6422
6462
6512
6401
6423
6463
6513
6545
6514
6464
6424
6515
6465
6425
6364
6365
6269
6270
6271
6272
6273
6274
6275
6277
6367
6368
6468
6518
6546
6517
6467
6426
6402
6366
6466
6516
6559
6636
6589
6558
6635
6634
6633
6632
6631
6630
6629
6628
6627
6626
6625
6624
6692
6772
6773
6694
6695
6775
6776
6777
6778
6696
6697
6698
6699
6700
6779
6780
6781
6782
6876
6902
6901
6922
6972
6923
6974
6924
6925
6878
6877
6844
6785
6786
6809
6820
6847
6881
6903
6880
6846
6845
6879
6926
6927
6928
6975
6976
6948
6904
6882
6848
6821
6709
6708
6788
6707
6787
6705
6704
6703
6784
6783
6701
6643
6642
6641
6640
6639
6638
6637
6560
6547
6519
6469
6427
6403
6369
6404
6428
6470
6520
6548
6561
6562
6563
6564
6549
6522
6474
6432
6473
6521
6431
6472
6430
6471
6429
6370
6371
6372
6373
6279
6280
6374
6433
6475
6523
6524
6476
6477
6525
6550
6526
6478
6434
6435
6479
6527
6568
6647
6646
6567
6566
6565
6644
6645
6710
6711
6790
6789
6822
6849
6883
6884
6929
6978
6977
7057
7056
7055
7054
7053
7052
7051
7153
7191
7217
7244
7216
7190
7180
7152
7151
7179
7189
7215
7243
7267
7242
7214
7149
7150
7049
7047
7148
7147
7278
7347
7346
7345
7344
7343
7342
7277
7266
7241
7213
7188
7146
7145
7144
7143
7142
7039
7040
7041
7042
7043
7044
7045
6918
6919
6920
6921
6875
6843
6819
6842
6874
6873
6841
6774
6818
6840
6872
6871
6917
6971
6970
6969
6968
6967
6966
6916
6771
6817
6839
6870
6900
6945
6915
6869
6868
6838
6816
6767
6768
6769
6770
6690
6689
6688
6687
6686
6685
6684
6683
6766
6836
6814
6815
6837
6867
6914
6813
6835
6866
6865
6834
6812
6808
6765
6682
6681
6680
6679
6764
6763
6762
6677
6676
6675
6674
6673
6672
6671
6755
6670
6669
6811
6863
6939
6964
6940
6941
6965
6942
6943
6864
6899
6911
6912
6913
7034
7035
7139
7185
7209
7184
7138
7137
7136
7135
7033
7032
7031
7030
7029
7134
7183
7206
7235
7236
7237
7207
7208
7238
7270
7271
7272
7273
7274
7275
7239
7211
7186
7210
7140
7037
7141
7187
7212
7240
7265
7276
7417
7418
7419
7420
7527
7526
7525
7524
7523
7586
7620
7621
7587
7565
7588
7622
7659
7658
7657
7656
7726
7725
7692
7653
7654
7655
7646
7619
7585
7564
7560
7584
7618
7617
7583
7616
7582
7519
7520
7521
7416
7415
7414
7413
7412
7411
7410
7409
7408
7407
7406
7405
7404
7403
7517
7562
7563
7614
7581
7559
7561
7613
7652
7722
7689
7690
7723
7691
7724
7793
7792
7791
7790
7907
7948
7966
8015
8075
8014
8074
8121
8122
8076
8016
7967
7908
7794
7795
7796
7797
7799
7909
8017
8077
8155
8156
8123
8157
8158
8159
8172
8230
8345
8231
8232
8233
8346
8410
8458
8516
8514
8457
8409
8344
8229
8228
8408
8456
8513
8512
8455
8407
8342
8226
8225
8224
8318
8223
8222
8220
8219
8218
8216
8215
8214
8212
8211
8210
8338
8402
8450
8506
8507
8451
8403
8339
8340
8405
8453
8509
8510
8657
8798
8797
8656
8655
8654
8796
8653
8652
8651
8650
8649
8648
8647
8645
8644
8643
8642
8641
8639
8638
8637
8636
8635
8634
8633
8632
8631
8629
8628
8781
8627
8626
8625
8624
8623
8622
8621
8619
8618
8780
8617
8616
8615
8614
8785
8842
8882
8933
9008
9049
9009
9010
9050
9069
9070
9176
9202
9203
9204
9177
9178
9205
9077
9076
9075
9074
9137
9073
9072
9071
9011
9012
9013
9051
9014
9015
9052
9016
9017
8935
8884
8844
8788
8845
8885
8936
8937
8886
8846
8789
8790
8847
8887
8938
8939
8888
8848
8791
8792
8793
8849
8889
8940
8941
8890
8850
8794
8795
8851
8891
8942
8988
8993
8943
8892
8852
8853
8893
8944
8945
8946
8854
8799
8658
8659
8661
8662
8663
9019
9054
9020
9021
9055
9095
9094
9093
9092
9091
9090
9089
9139
9088
9087
9086
9085
9084
9083
9082
9081
9080
9138
9079
9078
9151
9160
9179
9206
9180
9181
9207
9267
9265
9264
9263
9262
9260
9259
9378
9258
9257
9256
9255
9254
9253
9252
9251
9250
9376
9249
9248
9247
9246
9245
9244
9242
9241
9240
9375
9239
9238
9236
9235
9234
9233
9232
9231
9230
9374
9229
9228
9227
9226
9373
9372
9371
9370
9369
9368
9367
9389
9366
9365
9364
9363
9362
9361
9360
9359
9358
9388
9357
9356
9355
9354
9353
9352
9351
9350
9347
9386
9332
9327
9314
9307
9285
9279
9274
9266
9261
9377
9243
9237
9398
9397
9410
9418
9419
9425
9505
9440
9445
9510
9462
9467
9474
9525
9485
9486
9526
9487
9488
9489
9527
9490
9491
9528
9492
9493
9494
9529
9495
9496
9530
9497
9498
9411
9391
9405
9414
9420
9499
9421
9422
9500
9423
9424
9426
9501
9427
9428
9502
9429
9430
9431
9503
9432
9433
9504
9434
9435
9436
9506
9437
9438
9507
9439
9441
9572
9570
9569
9568
9567
9565
9564
9677
9563
9562
9561
9560
9559
9558
9557
9556
9555
9675
9554
9553
9552
9551
9550
9549
9547
9546
9545
9674
9544
9543
9541
9540
9539
9538
9537
9536
9535
9673
9534
9533
9532
9672
9671
9670
9669
9668
9667
9666
9665
9687
9664
9663
9662
9661
9660
9659
9658
9657
9656
9686
9655
9654
9653
9652
9651
9650
9649
9648
9646
9685
9637
9633
9618
9612
9592
9587
9584
9571
9566
9676
9548
9542
9688
9696
9710
9712
9714
9726
9741
9802
9995
9984
9846
9851
9973
9867
9870
9746
9807
9760
9764
9772
9820
9780
9781
9822
9782
9783
9784
9823
9785
9786
9824
9787
9788
9789
9825
9790
9791
9826
9967
9966
9965
9964
9963
9962
9961
9960
9983
9959
9958
9957
9956
9955
9954
9953
9952
9951
9982
9940
9935
9921
9911
9892
9887
9881
10049
10110
10065
10071
10079
10124
10088
10089
10125
10090
10091
10092
10126
10093
10094
10127
10095
10096
10097
10006
10149
10148
10147
10135
10042
10106
10029
10012
10018
10007
10010
10011
9997
9827
9713
9697
9531
9413
9390
9225
9170
9168
9158
9150
9144
9066
9005
8992
9018
9053
9022
9024
9057
9031
9034
9040
9064
9041
9042
9065
9043
9044
9001
8976
8920
8830
8831
8832
8833
8834
8835
8836
8768
8767
8766
8765
8764
8763
8762
8761
8760
8759
8758
8757
8756
8755
8754
8753
8752
8784
8746
8742
8726
8718
8692
8686
8680
8664
8660
8782
8646
8640
8630
8620
8611
8786
8787
8843
8883
8934
8932
8881
8838
8991
8931
8779
8600
8576
8559
8560
8556
8498
8442
8436
8492
8557
8435
8174
8171
8142
7950
8049
7993
7744
7863
7737
7672
7667
7714
7721
7612
7615
7518
7522
7533
7436
7445
7451
7539
7540
7569
7568
7592
7628
7595
7631
7707
7735
7710
7711
7736
7712
7713
7635
7597
7570
7636
7598
7571
7572
7599
7637
7638
7600
7573
7574
7601
7639
7640
7602
7575
7576
7603
7641
7604
7642
7668
7669
7670
7671
7643
7605
7644
7606
7556
7555
7554
7553
7552
7551
7495
7496
7497
7498
7499
7500
7501
7502
7504
7289
7333
7290
7291
7334
7292
7293
7294
7335
7295
7296
7336
7383
7384
7385
7386
7387
7388
7389
7508
7390
7391
7392
7393
7394
7396
7397
7398
7337
7297
7298
7299
7300
7301
7338
7302
7303
7304
7339
7306
7307
7340
7399
7516
7515
7579
7609
7610
7651
7650
7688
7687
7720
7686
7685
7719
7684
7683
7682
7718
7681
7680
7717
7679
7649
7648
7678
7677
7608
7578
7513
7514
7507
7382
7381
7380
7379
7378
7377
7376
7375
7374
7373
7372
7371
7370
7506
7369
7368
7505
7557
7577
7607
7645
7674
7715
7675
7676
7716
7747
7748
7749
7885
7952
8053
8054
8055
7997
7886
7887
7750
7751
7752
7753
7754
7755
7888
7953
7998
8056
8115
8146
8145
8114
8144
8143
8113
8051
8050
7994
7951
7995
8052
7996
7884
7746
7745
7743
7742
7741
7740
7739
7738
7883
7882
7947
7881
7880
7879
7878
7877
7876
7875
7874
7873
7872
7871
7870
7869
7868
7867
7866
7865
7864
7937
7936
7862
7861
7860
7859
7935
7934
7933
7856
7848
7839
7830
7821
7815
7807
7798
7788
7778
7910
7912
7921
7926
7977
8030
8024
7972
7969
8019
8081
8018
8078
8149
8154
8124
8088
8092
8036
8098
8141
8137
8138
8101
7985
8040
8102
8103
8041
7986
8104
8105
8042
7987
7938
7939
7940
7941
7942
7943
7944
7945
7946
7992
8048
8111
8110
8047
7991
7990
8046
8109
8108
8045
7989
7988
8044
8107
8043
8106
8140
8139
8300
8299
8298
8297
8296
8295
8294
8293
8292
8320
8285
8280
8262
8365
8359
8351
8343
8227
8221
8217
8213
8341
8337
8186
8175
8384
8324
8329
8404
8452
8508
8561
8511
8454
8406
8515
8473
8532
8566
8593
8609
8596
8597
8610
8598
8599
8543
8482
8427
8428
8483
8544
8484
8545
8574
8546
8485
8429
8378
8377
8301
8302
8303
8304
8379
8380
8305
8306
8307
8308
8381
8382
8309
8310
8383
8385
8386
8311
8312
8313
8314
8387
8433
8490
8552
8432
8489
8551
8550
8431
8488
8549
8548
8487
8430
8486
8547
8575
8769
8770
8837
8771
8772
8773
8774
8839
8930
8986
8985
8929
8880
8928
8984
9006
9046
9045
9004
8983
8927
8879
8926
8982
8981
8925
8878
8877
8924
8980
8979
8923
8978
8922
8876
8921
8977
9002
9003
9129
9128
9127
9126
9142
9125
9124
9123
9107
9106
9192
9214
9220
9221
9197
9198
9222
9169
9155
9130
9131
9143
9132
9133
9199
9223
9200
9201
9224
9174
9175
9159
9068
9067
9136
9135
9134
9007
9047
9048
8987
8841
8840
8775
8776
8777
8778
8612
8613
8558
8494
8438
8391
8390
8437
8493
8555
8554
8553
8491
8434
8388
8315
8316
8321
8322
8323
8176
8177
8178
8179
8180
8181
8325
8392
8439
8495
8496
8440
8393
8326
8327
8182
8183
8328
8394
8441
8497
8577
8601
8578
8579
8602
8580
8581
8501
8445
8397
8396
8444
8500
8499
8443
8395
8330
8331
8332
8398
8446
8502
8503
8447
8399
8333
8334
8335
8400
8448
8504
8505
8449
8401
8336
8209
8208
8207
8206
8205
8204
8203
8202
8201
8200
8199
8198
8197
8196
8195
8194
8193
8192
8191
8190
8189
8317
8188
8187
8185
8184
8147
8148
8057
7999
7954
8058
8000
7955
7889
7756
7757
7758
7759
7890
8112
8116
8117
8059
8060
8001
7956
7891
7892
7893
7760
7761
7762
7763
7894
7957
8002
8061
8062
8003
7958
7895
7764
7765
7766
7767
7896
7959
8004
8063
8064
8065
8005
7960
7897
7898
7961
8006
8066
8067
8007
7962
7899
7900
7901
7963
8008
8068
8069
8009
8010
8070
8118
8119
8150
8151
8071
8011
7964
7904
7905
8012
8072
8120
8152
8153
8073
8013
7965
7906
7789
7787
7786
7785
7784
7783
7782
7781
7780
7779
7903
7902
7777
7776
7775
7774
7773
7772
7771
7770
7769
7768
7611
7580
7400
7401
7402
7309
7308
7028
7027
7025
7024
7023
7022
7021
7126
7019
7018
7017
7016
7015
7014
7013
7012
7011
7125
7009
7008
7007
7006
7005
7004
7003
7002
7001
7124
6999
6998
6997
6996
6994
6993
6992
6991
6990
7123
6989
6988
7122
7121
7120
7119
7118
7117
7116
7115
7174
7175
7176
7177
7203
7232
7264
7202
7231
7263
7262
7230
7201
7261
7229
7200
7173
7114
7113
7112
6935
7111
7110
7109
7108
7107
7106
7105
7104
7103
7166
7167
7194
7223
7193
7222
7254
7255
7195
7224
7256
7257
7225
7196
7168
7169
7171
7172
7199
7228
7260
7259
7227
7198
7197
7226
7258
7488
7489
7490
7491
7492
7493
7494
7550
7549
7548
7547
7545
7487
7486
7485
7484
7483
7482
7481
7480
7479
7478
7512
7474
7470
7461
7365
7366
7332
7331
7330
7329
7328
7321
7317
7352
7311
7310
7341
7305
7395
7503
7546
7634
7558
7367
7269
7253
7181
7204
7233
7234
7205
7182
7133
7132
6995
7000
7010
7020
7026
7127
7036
7038
7046
7048
7050
7066
7074
7086
7092
7131
7094
7095
7096
7097
7098
7099
7100
7101
7102
6959
6958
6985
6957
6956
6984
6955
6954
6953
6980
6949
6947
6973
6946
6944
6910
6987
7170
7178
6986
6908
6889
6907
6909
6862
6861
6833
6810
6759
6798
6807
6657
6552
6539
6393
6341
6220
6113
6124
6156
6129
6062
6018
5994
5989
5983
5932
5829
5780
5678
5604
5726
5729
5677
5615
5609
5608
5607
5555
5554
5552
5477
5475
5473
5472
5471
5470
5469
5423
5349
5348
5301
5220
4998
5176
5126
4865
4845
4847
4887
4888
4894
4897
4903
4908
4912
5143
5135
5199
5232
5271
5305
5196
5228
5190
5221
5219
5314
5346
5316
5320
5443
5444
5445
5446
5323
5282
5309
5287
5246
5207
5156
5165
5088
5095
5124
5100
5101
5102
5103
5104
5105
5106
5107
5108
5109
5110
5111
5112
5113
5114
5115
5116
5117
5175
5217
5256
5298
5416
5415
5414
5413
5549
5548
5547
5546
5412
5411
5410
5468
5409
5408
5467
5400
5460
5459
5339
5456
5455
5527
5531
5543
5544
5545
5553
5798
5828
5797
5827
5826
5795
5815
5865
5861
5929
5855
5851
5841
5836
5830
5937
5995
5871
5874
5877
5890
5901
5910
5912
5930
5913
5914
5915
5916
5917
5918
5919
5920
5921
5931
5922
5923
5924
5925
5926
6060
6111
6061
5984
5985
5927
5928
5986
5987
6112
6125
6159
6160
6126
6165
6128
6127
6063
5988
5933
5831
5832
5833
5834
5935
5934
6017
6064
6019
6065
6161
6229
6345
6346
6408
6446
6495
6554
6541
6494
6445
6407
6344
6228
6226
6225
6224
6223
6222
6221
6335
6158
6157
6188
6219
6187
6218
6186
6185
6184
6217
6183
6182
6216
6181
6178
6173
6203
6171
6170
6194
6169
6227
6230
6337
6247
6250
6254
6257
6261
6276
6278
6287
6293
6338
6308
6309
6312
6313
6314
6315
6316
6317
6318
6339
6319
6320
6321
6322
6323
6324
6325
6326
6327
6340
6328
6329
6330
6331
6332
6333
6334
6394
6342
6343
6444
6493
6492
6443
6406
6540
6578
6607
6606
6656
6605
6604
6655
6603
6602
6601
6654
6600
6599
6653
6598
6597
6596
6652
6595
6594
6651
6592
6591
6590
6623
6588
6587
6611
6581
6660
6667
6760
6761
6678
6691
6693
6756
6702
6706
6712
6713
6716
6725
6726
6727
6728
6758
6729
6730
6731
6732
6733
6734
6735
6736
6737
6738
6739
6740
6741
6799
6797
6796
6825
6852
6824
6851
6890
6891
6826
6853
6892
6906
6893
6854
6827
6828
6855
6894
6895
6856
6829
6830
6857
6896
6897
6858
6831
6832
6859
6898
6860
6806
6805
6804
6803
6802
6801
6800
6742
6743
6744
6745
6746
6747
6748
6749
6750
6751
6752
6753
6608
6553
6579
6580
6658
6659
6582
6609
6583
6584
6610
6754
6663
6662
6661
6936
6960
6961
6962
6937
6938
6963
6668
6666
6665
6664
6585
6586
6498
6449
6411
6349
6248
6246
6245
6244
6348
6410
6448
6497
6496
6447
6409
6347
6243
6242
6241
6240
6239
6238
6237
6236
6235
6336
6234
6233
6232
6231
6162
6066
6020
5835
5783
5681
5682
5635
5484
5483
5482
5481
5480
5479
5558
5610
5634
5680
5730
5744
5743
5742
5679
5633
5556
5557
5478
5551
5550
5606
5605
5630
5675
5631
5676
5632
5728
5782
5781
5727
5629
5417
5418
5419
5420
5299
5257
5218
5177
5118
5119
5120
5121
5122
5178
5300
5315
5421
5422
5347
5350
5351
5352
5353
5354
5355
5356
5357
5424
5425
5426
5427
5428
5429
5430
5431
5432
5433
5317
5318
5263
5227
5262
5226
5193
5225
5261
5260
5224
5192
5181
5127
5008
5009
5010
5011
5012
5128
5129
5130
5131
5132
5133
5264
5319
5303
5265
5229
5194
5182
5134
5013
5136
5183
5195
5230
5266
5267
5321
5358
5268
5269
5197
5137
5014
5138
5184
5198
5231
5270
5304
5439
5440
5441
5442
5306
5272
5233
5200
5185
5139
5015
5016
5017
5018
4849
4801
4759
4727
4758
4800
4799
4798
4756
4725
4757
4726
4673
4672
4536
4537
4538
4540
4674
4675
4541
4542
4543
4544
4545
4546
4547
4549
4550
4551
4552
4554
4555
4556
4679
4557
4559
4560
4561
4562
4563
4680
4729
4763
4805
4911
4910
4909
4907
4852
4838
4906
4905
4904
4902
4851
4850
4803
4761
4804
4762
4678
4677
4676
4728
4760
4802
4898
4899
4900
4901
5032
5031
5030
5029
5144
5028
5027
5026
5025
5274
5235
5202
5142
5024
5023
5022
5021
5020
5019
5141
5140
5201
5234
5273
5322
5359
5360
5361
5362
5363
5364
5365
5366
5307
5324
5367
5368
5369
5370
5275
5145
5033
5146
5147
5148
5149
5238
5278
5277
5237
5236
5276
5325
5326
5327
5328
5329
5330
5331
5332
5333
5281
5280
5240
5279
5239
5151
5150
5034
5035
5036
5037
5152
5153
5154
5038
5039
5040
5041
5042
5043
5044
5045
5046
5047
5048
5049
5050
5051
5157
5158
5159
5187
5205
5244
5286
5160
5188
5206
5245
5288
5208
5247
5209
5161
5162
5052
5053
5054
5055
5056
5163
5249
5289
5338
5380
5379
5378
5210
5248
5337
5336
5454
5453
5452
5451
5450
5449
5308
5285
5243
5204
5186
5284
5242
5155
5203
5241
5283
5371
5372
5373
5374
5375
5376
5377
5334
5335
5447
5448
5520
5519
5518
5517
5516
5515
5514
5513
5587
5622
5657
5705
5736
5766
5812
5813
5814
5790
5791
5792
5793
5794
5706
5658
5623
5707
5659
5708
5767
5768
5769
5770
5884
5968
5969
5993
6011
6048
6099
6121
6100
6049
6012
6013
6050
6101
6122
6149
6214
6215
6150
6151
6152
6153
6154
6106
6055
6054
6105
6104
6053
6014
6052
6103
6102
6051
5974
5975
5976
5977
5895
5894
5893
5892
5891
5973
5972
5889
5888
5887
5886
5971
5970
5885
5786
5772
5771
5737
5711
5661
5710
5709
5660
5591
5590
5589
5588
5521
5522
5523
5524
5525
5594
5593
5592
5662
5595
5526
5663
5712
5713
5664
5665
5715
5714
5773
5774
5775
5787
5716
5666
5738
5717
5667
5625
5668
5718
5739
5776
5816
5817
5818
5819
5896
5978
5979
5897
5898
5899
5900
5902
5980
6015
6056
6107
6174
6175
6176
6177
6179
6180
6108
6057
6016
6109
6058
5981
5909
5908
5907
5906
5905
5904
5903
5825
5723
5673
5539
5538
5603
5614
5628
5672
5722
5824
5823
5822
5796
5779
5821
5820
5778
5777
5719
5669
5626
5670
5720
5740
5741
5721
5671
5627
5613
5602
5537
5536
5535
5534
5601
5600
5533
5599
5624
5598
5597
5596
5528
5529
5530
5532
5458
5457
5383
5382
5381
5290
5250
5211
5291
5251
5212
5213
5252
5292
5310
5311
5340
5341
5384
5385
5386
5387
5388
5389
5390
5391
5392
5393
5394
5395
5396
5397
5398
5399
5461
5462
5342
5401
5402
5403
5404
5540
5674
5724
5911
6059
6110
6440
6490
6441
6491
6576
6577
6538
6442
6391
6392
6310
6311
6155
6123
5982
5725
5541
5542
5476
5474
5345
5344
5407
5406
5405
5466
5465
5464
5463
5343
5297
5174
5173
5099
5098
5097
5096
5172
5313
5296
5255
5216
5094
5093
5092
5091
5090
5089
5087
5171
5215
5254
5295
5312
5294
5293
5253
5214
5169
5080
5079
5078
5077
5076
5075
5074
5073
5072
5071
5070
5069
5068
5067
5066
5168
5167
5166
5065
5064
5063
5062
5164
5061
5060
5059
5058
5057
4983
4982
4927
4926
4925
4923
4922
4921
4858
4814
4771
4580
4579
4813
4812
4770
4981
4980
4979
4978
4977
4857
4856
4855
4854
4809
4767
4768
4810
4840
4811
4769
4733
4711
4734
4712
4687
4686
4685
4577
4684
4683
4576
4575
4574
4682
4732
4766
4808
4853
4976
4975
4974
4973
4920
4919
4918
4917
4916
4915
4914
4913
4839
4806
4764
4730
4681
4572
4571
4570
4569
4568
4567
4566
4565
4386
4384
4383
4382
4468
4381
4380
4467
4466
4319
4290
4255
4271
4289
4305
4379
4378
4376
4375
4374
4373
4372
4371
4318
4304
4369
4368
4367
4365
4364
4363
4362
4361
4360
4359
4317
4288
4287
4254
4270
4286
4535
4534
4533
4531
4530
4529
4528
4527
4526
4525
4524
4522
4521
4671
4896
4895
4893
4892
4891
4890
4889
4797
4755
4724
4670
4723
4754
4796
4848
4837
4722
4753
4795
4886
4885
4884
4883
4882
4881
4880
4794
4752
4721
4667
4504
4505
4506
4507
4508
4509
4510
4511
4512
4513
4514
4515
4516
4517
4519
4668
4669
4520
4316
4315
4314
4283
4267
4250
4249
4266
4313
4350
4349
4348
4282
4265
4248
4281
4346
4344
4343
4342
4341
4340
4339
4338
4337
4336
4335
4280
4264
4247
4218
4045
4043
4042
4041
4040
4039
4038
4036
4035
4034
4033
4032
4031
4030
4029
4028
4027
4026
4025
4024
4023
4022
4021
4020
4246
4217
4216
4215
4214
4213
4212
4245
4263
4279
4303
4460
4461
4462
4463
4465
4330
4331
4332
4333
4334
4493
4492
4491
4490
4489
4488
4487
4486
4485
4484
4483
4708
4660
4659
4658
4657
4656
4655
4654
4653
4652
4651
4650
4649
4648
4647
4646
4645
4644
4643
4642
4641
4703
4833
4785
4745
4705
4707
4746
4786
4834
4835
4866
4867
4868
4869
4870
4871
4872
4873
4788
4747
4717
4661
4494
4495
4496
4497
4498
4499
4500
4501
4502
4503
4664
4663
4718
4748
4789
4749
4790
4836
4791
4750
4719
4709
4665
4710
4720
4751
4792
4793
4972
4971
4970
4969
4968
4846
4879
4878
4877
4876
4875
4874
5125
5180
5191
5223
5259
5302
5258
5222
5189
5179
5007
5006
5005
5004
5003
5002
5001
5000
4999
5123
4967
4966
4965
4964
4963
4962
4961
4960
4959
4958
4957
4956
4955
4864
4954
4953
4952
4951
4950
4831
4784
4640
4639
4638
4637
4636
4635
4702
4830
4829
4783
4744
4701
4634
4633
4632
4700
4699
4631
4630
4629
4628
4627
4624
4694
4818
4826
4781
4782
4827
4863
4862
4949
4948
4947
4946
4861
4928
4924
4807
4765
4731
4688
4593
4588
4581
4578
4573
4564
4558
4553
4548
4539
4532
4523
4518
4666
4662
4787
4832
4828
4704
4706
4464
4345
4347
4351
4358
4366
4370
4377
4385
4390
4400
4406
4410
4427
4431
4481
4482
4311
4299
4277
4261
4327
4442
4443
4444
4445
4446
4300
4328
4447
4448
4449
4450
4451
4452
4312
4329
4453
4454
4455
4456
4457
4458
4459
4301
4278
4262
4302
4244
4211
4210
4209
4208
4207
4206
4205
4204
4203
4202
4243
4201
4200
4199
4198
4197
4196
4195
4194
4242
4193
4192
4191
4190
4189
4188
4187
4241
4183
4173
4169
4163
4148
4141
4133
4125
4117
4110
4103
4095
4086
4082
4075
4065
4056
4053
4046
4044
4037
4019
3967
3880
3849
3815
3819
3715
3712
3746
3701
3514
3382
3351
3450
3454
3457
3365
3333
3315
3291
3375
3340
3297
3198
3189
3185
3181
3176
3167
3154
3143
3139
3133
3129
3276
3270
3266
3243
2973
2955
2944
2874
2682
2693
2846
2850
2854
2924
2920
2956
2960
2961
3021
3026
2935
2909
2892
2864
2790
2795
2801
2807
2808
2809
2810
2811
2812
2813
2814
2815
2816
2817
2818
2819
2820
2821
2822
2823
2824
2825
2826
2668
2669
2670
2671
2644
2645
2646
2537
2497
2469
2457
2449
2394
2395
2396
2397
2398
2399
2400
2401
2402
2403
2404
2405
2406
2231
2232
2140
2141
2233
2234
2114
2142
2143
2070
2040
2107
2069
2039
2023
1982
1978
1979
1823
1824
1825
1826
1827
1828
1830
1727
1728
1729
1730
1731
1732
1733
1734
1735
1736
1737
1738
1664
1635
1616
1612
1617
1636
1665
1700
1797
1798
1739
1740
1666
1667
1637
1618
1579
1580
1619
1638
1668
1748
1747
1746
1745
1744
1743
1742
1741
1987
2028
2045
2075
2109
2116
2240
2239
2238
2237
2151
2150
2149
2148
2147
2146
2073
2043
2026
2074
2044
2027
1985
1986
1845
1844
1843
1842
1841
1840
1839
1838
1837
1836
1835
1833
1832
1831
1983
1984
2025
2042
2072
2024
2041
2071
2108
2115
2235
2236
2273
2272
2271
2270
2269
2268
2267
2266
2265
2264
2263
2262
2261
2260
2259
2258
2407
2453
2471
2500
2540
2452
2451
2450
2470
2498
2538
2499
2539
2570
2571
2647
2648
2649
2572
2573
2574
2575
2576
2577
2578
2579
2580
2501
2413
2503
2546
2581
2674
2675
2676
2677
2678
2679
2680
2681
2683
2684
2685
2686
2687
2688
2689
2690
2691
2843
2692
2694
2695
2696
2697
2698
2699
2700
2701
2702
2845
2884
2899
2919
2844
2918
2883
2898
2917
2987
2986
2985
2984
2983
2982
2981
2980
2979
2978
2977
2916
2897
2882
2842
2673
2841
2840
2672
2879
2878
2836
2835
2834
2877
2876
2875
2833
2832
2831
2830
2829
2828
2827
2873
2895
2913
2941
2872
2894
2912
2940
2871
2893
2911
2939
3059
3058
3057
3056
3051
3048
3212
3219
3229
3230
3231
3232
3233
3234
3235
3303
3321
3346
3379
3510
3509
3508
3507
3506
3505
3499
3495
3413
3484
3481
3480
3650
3643
3636
3632
3627
3620
3613
3606
3592
3582
3720
3723
3726
3796
3827
3794
3825
3869
3870
3916
3919
3922
3926
3929
3934
3943
3947
3949
3950
3951
4017
4018
3879
3862
3847
3810
3781
3661
3664
3670
3672
3673
3674
3675
3676
3745
3848
3677
3678
3679
3680
3681
3682
3747
3782
3811
3850
3952
3953
3954
3955
3956
3957
3851
3812
3783
3748
3958
3959
3960
3961
3962
3963
3964
3965
3966
3968
3969
3970
3971
3972
3973
3974
3863
3853
3852
3813
3784
3759
3709
3708
3546
3707
3706
3705
3704
3703
3702
3700
3699
3698
3697
3696
3695
3694
3693
3692
3691
3690
3689
3688
3687
3686
3685
3684
3683
3511
3512
3513
3515
3516
3517
3380
3419
3518
3519
3520
3521
3522
3523
3524
3381
3347
3322
3305
3383
3348
3323
3306
3258
3257
3256
3255
3254
3253
3252
3251
3250
3249
3248
3247
3304
3246
3245
3244
3242
3241
3240
3239
3238
3237
3236
3060
3061
3062
3063
3064
3065
3066
3067
3068
3069
3070
3071
3072
3073
2942
2943
2945
2914
2896
2915
2946
2947
2948
2976
2975
2974
3259
3260
3261
3262
3263
3307
3349
3384
3525
3526
3527
3420
3385
3267
3092
3093
3094
3095
3311
3324
3350
3386
3421
3422
3423
3424
3528
3529
3530
3531
3392
3352
3393
3425
3426
3427
3428
3429
3532
3533
3534
3535
3430
3431
3395
3396
3432
3433
3434
3435
3436
3437
3438
3559
3558
3557
3556
3555
3554
3553
3552
3821
3790
3765
3754
3714
3713
3753
3764
3789
3820
3855
3818
3788
3763
3752
3551
3550
3549
3548
3547
3711
3751
3762
3787
3817
3816
3786
3761
3750
3710
3749
3760
3785
3814
3854
3864
3975
3976
3977
3978
3979
3980
3981
3982
3983
3984
3985
3986
3987
3988
3989
3990
3991
3992
3993
3994
3881
3882
3883
4047
4219
4048
4049
4050
4051
4052
4220
4251
4223
4222
4221
3886
3885
3884
3822
3791
3766
3716
3560
3561
3562
3563
3564
3565
3887
3888
3889
3890
3891
3892
3893
3894
4060
4059
4058
4057
4055
4054
4224
4252
4268
4284
4352
4353
4354
4355
4356
4357
4285
4269
4253
4225
4061
4062
4063
4064
4066
4067
4068
4069
4226
4227
4228
4070
4071
4072
4073
4074
4076
4077
4078
4079
4080
4081
4083
4084
4085
4229
4087
4088
4089
4090
4091
4092
4093
4094
4096
4097
4098
4099
4230
4231
4100
4101
4102
4104
4105
4106
4107
4108
4109
4111
4112
3995
3920
3921
3923
4121
4120
4119
4118
4116
4115
4114
4113
4232
4256
4272
4291
4306
4320
4469
4470
4387
4388
4389
4391
4392
4393
4292
4273
4257
4293
4321
4394
4294
4307
4322
4323
4395
4396
4397
4398
4399
4401
4402
4403
4404
4405
4407
4408
4409
4471
4472
4598
4599
4600
4601
4602
4603
4604
4691
4737
4774
4817
4842
4816
4773
4736
4597
4596
4595
4594
4690
4592
4591
4590
4589
4587
4586
4585
4584
4583
4582
4689
4713
4735
4772
4815
4841
4929
4930
4931
4932
4933
4934
4984
4985
4859
4935
4936
4986
4987
4860
4843
4819
4775
4738
4692
4605
4606
4607
4608
4693
4609
4610
4611
4612
4613
4614
4615
4616
4695
4739
4776
4820
4942
4941
4940
4939
4938
4937
5081
5082
5170
5083
5084
5085
5086
4943
4944
4945
4821
4777
4740
4696
4714
4741
4778
4822
4844
4988
4989
4990
4991
4992
4993
4994
4995
4996
4997
4825
4824
4780
4743
4716
4625
4626
4441
4440
4439
4438
4480
4479
4478
4477
4698
4823
4779
4742
4715
4697
4623
4622
4621
4620
4619
4618
4617
4430
4429
4428
4426
4425
4424
4423
4422
4421
4420
4419
4418
4417
4416
4415
4414
4413
4412
4411
4324
4308
4295
4274
4258
4237
4296
4259
4275
4297
4309
4325
4473
4474
4475
4476
4432
4433
4434
4435
4436
4437
4326
4310
4298
4276
4260
4240
4181
4182
4184
4185
4186
4016
4015
3846
3744
3743
3845
3809
3780
3758
3742
3503
3504
3391
3416
3417
3418
3320
3345
3319
3344
3318
3300
3301
3302
2972
2971
2970
2969
2937
2938
2870
2869
2868
2867
2866
2865
2806
2805
2804
2803
2802
2800
2799
2798
2797
2796
2839
2794
2793
2792
2791
2789
2788
2787
2786
2785
2838
2784
2783
2782
2781
2779
2778
2777
2776
2775
2837
2774
2773
2772
2771
2769
2768
2767
2766
2765
2764
2763
2762
2761
2760
2759
2758
2756
2755
2754
2753
2752
2751
2862
2933
3018
3019
3020
3022
3023
3024
3025
3027
3028
2934
2908
2891
2863
3029
3183
3184
3030
3031
3032
3033
3034
3035
3036
3037
3086
3038
3039
3087
3040
3041
3042
3088
3043
3044
3089
3045
3046
3047
3090
3049
3050
3091
3052
3053
3054
2936
2910
2954
2968
2967
3055
3228
3227
3226
3225
3224
3223
3222
3221
3220
3218
3217
3216
3215
3214
3213
3211
3210
3209
3208
3207
3206
3205
3265
3204
3203
3202
3201
3200
3199
3197
3196
3195
3264
3194
3193
3296
3295
3192
3191
3190
3188
3187
3186
3294
3293
3338
3372
3410
3482
3483
3373
3339
3374
3411
3412
3485
3542
3486
3487
3543
3488
3489
3490
3544
3491
3492
3545
3493
3494
3496
3497
3376
3316
3310
3341
3414
3498
3500
3501
3415
3377
3342
3298
3299
3317
3343
3378
3502
3741
3757
3779
3844
3808
3756
3778
3807
3843
3861
3944
3945
3946
3948
4007
4008
4009
4010
4011
4012
4013
4014
4180
4179
4178
4177
4176
4175
4174
4239
4172
4171
4170
4168
4167
4166
4165
4164
4238
4162
4161
4160
4159
4158
4157
4156
4155
4154
4153
4152
4151
4150
4149
4147
3932
3876
3858
3839
3804
3775
3737
3738
3776
3805
3840
3859
3933
3935
4005
4006
3877
3936
3937
3938
3939
3940
3941
3942
3878
3860
3841
3842
3806
3777
3740
3671
3669
3668
3667
3666
3665
3663
3662
3739
3660
3659
3658
3657
3656
3655
3654
3653
3652
3651
3649
3648
3647
3646
3645
3644
3642
3641
3640
3639
3638
3637
3635
3634
3633
3733
3873
4000
4001
4002
3924
3925
3837
3734
3735
3736
3803
3838
3874
3875
3927
3928
3930
3931
4003
4004
4146
4145
4144
4143
4142
4140
4139
4138
4137
4136
4135
4134
4132
4131
4130
4129
4128
4127
4126
4236
4235
4234
4233
4122
4123
4124
3999
3872
3998
3997
3996
3835
3857
3836
3802
3774
3732
3631
3630
3629
3628
3626
3625
3624
3623
3622
3621
3619
3618
3617
3730
3731
3834
3833
3801
3773
3772
3800
3832
3918
3917
3915
3914
3913
3912
3871
3911
3910
3909
3908
3830
3831
3799
3727
3725
3771
3798
3829
3770
3797
3828
3907
3906
3905
3904
3903
3769
3795
3826
3902
3901
3900
3899
3868
3856
3793
3824
3867
3898
3897
3896
3895
3866
3865
3823
3792
3767
3768
3755
3718
3575
3717
3574
3573
3572
3571
3570
3569
3568
3567
3566
3443
3444
3445
3536
3388
3397
3442
3441
3440
3439
3358
3308
3309
3278
3124
3123
3122
3121
3277
3120
3119
3118
3117
3116
3115
3114
3113
3112
3111
3110
3275
3313
3328
3357
3356
3355
3327
3326
3354
3394
3387
3353
3325
3312
3269
3268
3096
3097
3098
3099
3100
3271
3101
3102
3103
3104
3105
3272
3273
3274
3106
3107
3108
3109
2988
2989
2990
2991
2992
2993
2994
2995
2996
2997
2998
2999
3000
3001
3002
3003
3125
3126
3127
3128
3280
3279
3329
3359
3389
3399
3449
3448
3447
3446
3398
3537
3576
3719
3577
3578
3579
3580
3581
3721
3722
3583
3584
3585
3586
3587
3724
3588
3589
3590
3591
3593
3594
3595
3596
3597
3598
3599
3600
3601
3602
3603
3604
3605
3728
3729
3607
3608
3609
3610
3611
3612
3614
3615
3616
3468
3469
3470
3471
3472
3473
3474
3475
3476
3477
3478
3479
3369
3370
3408
3409
3371
3337
3292
3182
3180
3179
3178
3177
3175
3174
3173
3172
3171
3170
3169
3168
3166
3165
3164
3163
3162
3161
3160
3159
3158
3290
3289
3288
3287
3363
3364
3332
3334
3366
3367
3335
3336
3368
3467
3466
3465
3407
3406
3405
3404
3403
3402
3464
3463
3462
3461
3460
3459
3458
3401
3456
3455
3453
3452
3451
3541
3540
3539
3538
3400
3361
3362
3331
3283
3284
3142
3144
3145
3146
3147
3148
3149
3150
3151
3152
3285
3286
3153
3155
3156
3157
3012
3013
3014
3015
3016
3017
2932
2907
2890
2861
2744
2745
2746
2747
2748
2749
2626
2627
2628
2527
2490
2463
2439
2355
2356
2357
2358
2359
2360
2361
2362
2440
2464
2491
2528
2542
2629
2630
2652
2653
2565
2631
2632
2654
2633
2634
2529
2365
2364
2363
2244
2204
2203
2202
2201
2126
2111
2087
2054
2032
2001
2002
1915
1917
1918
1919
1920
2004
2005
2006
2089
2090
2205
2245
2206
2207
2246
2208
2209
2210
2247
2211
2212
2248
2213
2214
2215
2057
2034
2008
2092
2216
2375
2374
2373
2372
2408
2371
2370
2368
2367
2366
2635
2655
2656
2657
2637
2638
2658
2530
2465
2531
2492
2493
2532
2566
2567
2568
2569
2639
2640
2641
2454
2445
2410
2409
2382
2256
2254
2252
2251
2250
2249
2381
2380
2379
2444
2443
2442
2441
2376
2377
2378
2225
2097
2096
2132
2224
2223
2222
2221
2131
2130
2129
2220
2219
2218
2217
2094
2059
2010
2011
2012
1952
1951
1950
1949
1948
1947
1946
1945
1943
1942
1941
1940
1939
1938
1937
1936
1935
1934
1981
1932
1931
1930
1929
1928
1927
1926
1925
1923
1980
1922
1921
1773
1774
1775
1777
1816
1778
1779
1817
1780
1781
1782
1818
1783
1784
1819
1785
1786
1787
1788
1789
1790
1683
1648
1627
1820
1821
1822
1953
1954
1955
1957
2013
1958
1685
1684
1649
1628
1599
1549
1548
1546
1545
1544
1543
1542
1541
1540
1598
1539
1537
1536
1535
1534
1533
1532
1531
1530
1529
1528
1527
1573
1526
1525
1524
1523
1522
1521
1520
1519
1518
1572
1517
1516
1514
1513
1512
1511
1597
1596
1595
1647
1681
1682
1717
1716
1715
1714
1713
1815
1771
1770
1769
1768
1680
1646
1626
1614
1592
1502
1503
1504
1505
1506
1359
1360
1361
1270
1230
1201
1271
1508
1593
1594
1509
1510
1362
1363
1364
1365
1409
1410
1309
1294
1272
1231
1202
1171
1100
1099
1098
1097
1096
1095
1094
1093
1092
1091
1090
1170
1169
1089
1088
1087
1086
1085
1084
1083
1082
1168
943
944
945
946
947
909
910
911
912
913
914
915
916
917
918
843
880
919
948
949
950
951
952
953
954
955
956
881
882
797
547
710
709
708
707
706
705
704
703
702
701
700
699
698
697
696
695
792
793
794
795
796
842
879
878
841
840
877
876
839
788
789
790
791
694
692
691
787
786
874
873
837
816
785
690
689
688
687
686
685
684
683
682
565
566
529
530
531
532
533
534
535
536
537
538
539
540
541
542
504
505
471
345
424
423
343
342
341
265
203
277
225
204
179
180
205
226
227
206
181
212
219
266
267
228
207
182
183
208
269
268
428
437
447
475
509
474
446
436
427
426
435
445
473
508
515
507
472
444
434
355
354
353
352
351
350
349
348
347
425
506
543
569
570
571
572
573
574
575
613
614
615
616
617
618
619
620
723
722
721
720
719
718
717
716
715
800
801
802
724
725
726
727
728
888
962
961
960
959
958
957
887
847
820
819
846
886
885
845
818
799
714
713
712
711
798
817
844
884
883
920
1116
1115
1114
1113
1173
1174
1186
1204
1235
1277
1234
1276
1275
1112
1111
1110
1109
1108
1107
1106
1105
1104
1103
1102
1172
1203
1233
1274
1295
1310
1366
1367
1368
1411
1412
1413
1414
1369
1370
1371
1372
1373
1374
1375
1376
1415
1311
1312
1313
1205
1175
1117
1118
1119
1120
1121
1122
1123
1176
1177
1178
1124
1179
1280
1279
1206
1236
1278
1416
1377
1378
1379
1314
1315
1316
1380
1282
993
759
731
623
622
621
510
511
512
429
358
359
220
213
209
162
163
57
56
55
54
53
138
137
136
52
51
50
135
134
133
161
49
48
132
131
47
46
130
45
129
43
42
128
160
40
127
39
38
37
126
202
218
224
200
178
177
199
198
176
124
36
35
34
123
159
175
197
196
33
32
121
30
120
119
118
29
111
112
113
114
115
116
117
174
195
262
261
260
259
258
257
256
402
312
313
314
315
316
318
319
320
322
323
324
325
327
328
329
330
331
332
333
334
335
336
337
338
339
340
419
420
421
422
470
503
502
469
418
417
416
468
501
500
499
498
465
466
467
415
414
413
412
411
410
443
464
497
463
496
546
612
611
610
609
564
562
495
462
442
409
408
407
406
405
404
403
460
492
461
493
494
528
527
526
525
524
491
459
490
458
441
433
489
457
440
432
401
400
431
439
456
488
514
486
485
484
453
454
487
455
438
430
399
398
397
309
308
396
395
307
306
252
253
193
172
105
254
255
194
173
166
158
110
109
28
27
108
107
26
25
24
23
22
103
102
21
20
157
192
171
191
223
250
249
305
304
302
301
299
298
297
296
295
553
554
555
556
647
646
645
644
643
642
766
765
824
853
895
925
933
934
935
936
896
897
854
825
808
826
855
857
898
937
980
981
982
983
984
985
986
987
988
860
829
811
807
812
861
813
862
863
830
773
774
775
776
777
778
661
660
659
658
657
656
655
654
653
772
771
806
810
828
859
891
858
827
809
805
652
651
770
769
768
767
648
649
650
595
481
451
558
545
482
452
393
394
483
517
518
559
560
513
519
520
521
522
523
597
598
599
600
601
602
603
604
605
606
607
665
666
667
781
782
783
668
669
670
671
672
673
675
676
677
678
679
680
681
815
872
992
991
990
784
814
836
871
942
941
940
939
908
907
870
835
834
869
868
938
906
867
833
780
664
663
662
779
866
905
892
865
832
831
864
899
900
901
902
903
904
1052
1053
1054
1055
1056
1057
1058
1059
1060
1061
1062
1063
1064
1065
1066
1067
1068
1069
1071
1072
1073
1074
1075
1076
1077
1078
1079
1080
1081
1166
1184
1198
1227
1266
1292
1267
1228
1199
1167
1185
1200
1229
1268
1293
1269
1308
1408
1407
1406
1405
1404
1358
1357
1356
1355
1354
1353
1352
1351
1350
1349
1348
1347
1346
1345
1344
1264
1225
1197
1165
1164
1196
1224
1263
1401
1402
1403
1489
1488
1487
1587
1486
1485
1484
1483
1586
1585
1343
1342
1400
1399
1307
1291
1262
1223
1195
1163
1051
1050
1049
1047
1046
1045
1044
1162
1161
1043
1042
1041
1040
1039
1160
1159
1037
1036
1158
1157
1156
1035
1155
1034
1033
1032
1031
1030
1193
1219
1257
1256
1218
1192
1183
1154
1182
1191
1217
1255
1289
1254
1216
1190
1153
1029
1028
1027
1026
1025
1024
1023
1022
1021
1020
1019
1152
1189
1215
1252
1327
1328
1329
1330
1331
1332
1392
1393
1394
1395
1396
1333
1334
1302
1303
1258
1220
1221
1259
1304
1305
1290
1306
1335
1336
1260
1222
1194
1261
1337
1338
1339
1340
1341
1397
1398
1479
1480
1481
1482
1584
1673
1672
1804
1805
1806
1708
1709
1710
1762
1763
1764
1765
1711
1702
1622
1674
1675
1676
1642
1623
1588
1589
1490
1491
1492
1493
1494
1495
1496
1497
1498
1499
1500
1501
1591
1613
1625
1645
1679
1703
1678
1644
1624
1590
1643
1677
1712
1766
1767
1807
1808
1809
1810
1811
1812
1813
1814
1914
1913
1912
1911
1910
1909
1908
1907
1906
1905
1904
1903
1902
1901
1900
1899
1898
1897
1896
1895
1894
1893
1891
1890
1889
1888
1887
1886
1885
1884
1883
1882
1881
1880
1879
1878
1877
1876
1875
1874
1873
1872
1999
2031
2053
2085
2168
2167
2166
2165
2164
2163
2162
2161
2160
2159
2158
2157
2319
2320
2321
2322
2323
2324
2426
2427
2429
2430
2327
2326
2325
2169
2170
2171
2172
2173
2174
2175
2086
2176
2177
2178
2179
2181
2182
2183
2184
2185
2186
2187
2188
2189
2190
2191
2192
2193
2194
2195
2196
2197
2198
2199
2200
2354
2353
2352
2351
2350
2349
2348
2437
2438
2462
2489
2526
2525
2625
2624
2623
2622
2621
2620
2564
2563
2619
2618
2617
2616
2522
2486
2523
2487
2434
2435
2524
2488
2461
2436
2347
2346
2345
2344
2343
2342
2341
2340
2339
2338
2337
2336
2334
2333
2332
2331
2330
2433
2432
2329
2328
2431
2485
2521
2519
2483
2482
2518
2517
2481
2480
2516
2558
2559
2560
2561
2562
2730
2731
2732
2733
2734
2735
2736
2737
2738
2739
2740
2741
2742
2860
2931
2859
2858
2906
2930
2966
2965
3011
3010
2964
2963
2929
2905
2856
2857
2729
2728
2855
2889
2904
2928
2953
2962
3085
3084
3083
3082
3009
3008
3007
3006
3005
3004
3081
3080
3141
3140
3138
3137
3136
3135
3134
3282
3314
3330
3360
3390
3281
3130
3131
3132
3078
3079
2952
2927
2903
2888
2881
2852
2851
2887
2902
2926
2880
2886
2901
2925
2951
2959
2950
2958
3077
3076
3075
3074
2957
2949
2923
2922
2900
2885
2847
2716
2715
2714
2713
2712
2921
2711
2710
2709
2708
2707
2706
2705
2704
2703
2597
2598
2599
2600
2548
2601
2602
2603
2604
2605
2606
2549
2550
2509
2475
2510
2477
2512
2513
2551
2611
2610
2609
2608
2607
2848
2849
2717
2718
2719
2720
2853
2721
2722
2723
2724
2725
2726
2727
2556
2555
2554
2553
2615
2614
2613
2612
2514
2478
2515
2479
2425
2424
2423
2421
2317
2316
2315
2314
2313
2312
2420
2419
2311
2310
2309
2308
2307
2306
2305
2304
2303
2302
2300
2418
2417
2460
2474
2508
2507
2506
2459
2473
2505
2596
2595
2594
2593
2592
2591
2590
2589
2588
2587
2547
2651
2650
2586
2585
2584
2583
2582
2541
2504
2472
2458
2274
2275
2276
2277
2278
2279
2280
2281
2414
2282
2283
2284
2285
2286
2287
2288
2289
2290
2291
2293
2294
2295
2415
2416
2296
2297
2298
2299
2154
2155
2156
2242
2243
2110
2083
2052
2030
2022
1995
1994
1993
1992
2048
2079
2080
2049
2050
2081
2122
2121
2120
2119
2153
2152
2118
2117
2241
2077
2046
2029
2078
2047
1990
1989
1988
1846
1847
1848
1849
1850
1851
1852
1853
1854
1855
1856
1857
1858
1859
1860
1861
1997
2084
1863
1864
1865
1866
1867
1868
1870
1871
1801
1802
1803
1707
1701
1671
1641
1621
1583
1478
1477
1476
1475
1474
1473
1472
1471
1470
1582
1640
1670
1761
1800
1760
1759
1758
1757
1706
1799
1756
1755
1754
1753
1752
1751
1750
1749
1669
1639
1620
1581
1469
1468
1467
1466
1465
1464
1463
1462
1461
1460
1459
1458
1457
1456
1455
1454
1453
1452
1451
1450
1449
1448
1447
1446
1445
1444
1443
1442
1578
1441
1440
1439
1577
1438
1437
1576
1436
1435
1434
1433
1432
1431
1430
1429
1427
1426
1425
1424
1423
1422
1421
1420
1419
1575
1574
1615
1634
1663
1699
1705
1796
1795
1794
1977
1976
2021
2020
2106
2136
2113
2105
2139
2134
2104
2067
2103
2066
2018
1975
1974
1973
1972
2017
1971
1970
1969
1968
1967
1966
1965
1964
1963
1962
2016
2036
2063
2100
2101
2064
2037
2065
2102
2138
2230
2229
2228
2227
2226
2137
2133
2128
2093
2058
2035
2060
2095
2098
2099
2062
2061
2014
2015
1961
1960
1959
1956
1944
1933
2009
2007
1924
1776
1791
1792
1686
1547
1538
1515
1507
1772
1892
1916
2003
2033
2056
2091
2055
2088
2127
2180
2125
2124
2123
2082
2051
2076
1991
1996
1998
2000
1869
1862
1834
1829
2019
2112
2135
2144
2145
2292
2301
2318
2335
2369
2383
2384
2385
2386
2387
2388
2389
2390
2391
2392
2393
2455
2467
2495
2535
2543
2447
2456
2468
2496
2536
2667
2666
2665
2664
2663
2662
2661
2660
2446
2466
2494
2533
2643
2642
2659
2636
2780
2770
2757
2750
2743
2557
2552
2520
2484
2428
2422
2476
2511
2545
2544
2534
2502
2412
2448
2411
2257
2255
2253
2068
2038
1725
1704
1724
1662
1633
1610
1428
1317
1284
1180
1003
1002
1001
1000
927
889
757
582
368
292
300
303
387
310
311
317
321
326
344
346
356
357
388
360
361
362
363
364
365
366
367
369
389
370
371
372
373
374
375
376
377
378
390
379
380
381
382
383
384
385
282
283
386
548
591
590
629
589
588
628
587
586
585
627
584
583
626
581
580
579
625
578
577
624
576
568
567
608
563
561
596
557
594
634
803
804
856
922
921
930
1014
1006
1140
1388
1325
1326
1253
1226
1265
1318
1319
1273
1232
1237
1281
1320
1321
1283
1238
1126
1127
1128
1129
1130
1142
1131
1132
1133
1134
1135
1136
1137
1138
1139
1141
1241
1287
1324
1323
1286
1240
1239
1285
1322
1387
1386
1418
1385
1384
1417
1383
1382
1381
1555
1556
1557
1558
1559
1560
1561
1562
1563
1564
1609
1608
1607
1606
1605
1604
1554
1553
1552
1551
1550
1600
1601
1602
1603
1630
1653
1690
1652
1689
1688
1651
1629
1650
1687
1718
1719
1654
1691
1720
1721
1722
1692
1655
1656
1693
1694
1657
1631
1658
1695
1723
1793
1696
1659
1565
1660
1697
1726
1698
1661
1632
1611
1566
1567
1568
1569
1570
1571
1242
1243
1207
1143
1004
979
931
929
978
928
977
976
999
975
974
998
973
972
971
997
970
969
996
968
967
966
995
965
964
994
963
1125
1101
1070
1048
1038
989
926
875
838
674
693
729
730
760
732
733
734
735
736
737
738
739
740
761
741
742
743
744
745
746
747
748
749
762
750
751
752
753
754
755
756
630
631
758
632
633
592
549
550
593
551
552
516
476
477
448
291
391
290
289
288
287
286
285
284
232
274
233
234
235
222
186
168
185
184
231
273
229
210
167
281
272
271
280
279
270
278
201
264
263
276
251
242
275
230
221
214
165
164
65
69
75
149
86
89
15
101
104
106
31
122
125
41
44
58
59
139
140
60
141
142
61
143
150
62
144
145
146
147
63
64
66
0
1
67
68
148
70
71
2
72
73
74
76
3
4
5
6
7
8
77
78
151
79
9
10
11
80
81
82
12
153
83
84
85
87
13
88
14
90
91
92
93
16
94
95
96
17
97
18
98
99
19
100
156
155
170
189
190
217
248
247
246
245
244
243
154
188
241
240
239
238
216
211
152
169
187
215
237
236
294
450
480
293
392
449
479
478
544
641
764
763
823
851
852
890
894
893
1016
1017
1018
1251
1250
1301
1300
1299
1248
1212
1213
1249
1214
1151
1150
1149
1015
1013
1012
1011
924
850
822
640
639
638
637
636
635
848
821
849
923
932
1005
1007
1008
1009
1010
1146
1147
1148
1211
1247
1298
1297
1391
1390
1296
1288
1246
1210
1188
1181
1145
1144
1187
1208
1209
1245
1244
1389
